22927	29322
21818	29617
21305	29606
24381	27316
24029	27751
22800	26568
22271	27373
21156	26605
21021	26063
24868	28144
25136	29753
23765	26531
23079	25506
22959	26935
22914	27369
22132	25660
22310	27992
24101	28658
25484	29272
24241	27427
24996	26902
21840	26980
22862	28955
24532	25916
21018	26647
23162	25761
22886	27645
23320	26854
25155	27143
21031	27844
25378	27976
23155	29174
21633	27139
24631	27847
25499	28686
21720	27564
25184	27774
23492	29666
21350	26677
21625	26602
23386	27630
21024	27938
21827	27823
22207	27676
21068	27871
21346	27817
25301	26591
21781	25884
25350	29690
21955	28665
24438	27060
22294	26987
24404	29061
21194	29677
21185	29355
24191	28011
21372	28232
24802	26406
23803	26402
24647	27114
23323	27710
21694	28670
24107	26195
22421	28003
23494	26130
23140	27495
23632	29231
23999	27474
25226	27056
24771	28167
24867	26846
21298	25996
23377	27226
25073	25663
21733	25851
23966	26447
25179	26177
23330	26442
24174	28327
21055	28213
21974	25686
21558	26440
22192	28465
25139	28458
21557	26878
22319	27015
25011	29166
23575	27703
23660	27898
23691	29633
22195	28657
24795	28596
23321	28148
22567	26085
21286	26953
24394	27941
21577	25621
25223	28421
24747	29989
22036	29149
24482	29735
21814	29263
24780	25532
21106	25615
23573	28614
22830	26370
24863	28411
23091	25746
24649	29639
21856	27539
24311	25505
23563	28330
22393	25829
24699	26087
24852	26537
23554	27311
21448	27113
21922	29190
22452	28090
21858	28478
21263	29449
23901	28613
24086	29399
23976	29936
24781	29367
23913	27746
21054	28279
24328	27685
21482	27117
24483	28461
23498	28354
25331	29183
23636	27228
25348	28432
21491	29822
21481	29051
25210	28936
24911	26816
21839	27768
24974	28931
23438	28185
23230	28217
22150	26956
21247	29111
25033	26682
23572	26497
22451	29852
24962	28893
21925	27194
22677	29628
24247	27326
23085	27561
24624	28605
23006	26550
23175	28797
24826	29890
23796	25858
21454	25855
24538	25863
21441	29283
22315	26909
22304	27099
23915	27957
22054	26437
22034	27505
21863	29374
21490	29447
23034	29236
23114	25827
25296	29761
21434	28414
24437	27604
23202	29513
25061	29261
21916	26530
22719	28624
21035	27456
22506	26933
23969	28006
24502	28845
23919	25816
22887	29042
24750	29805
23259	29440
21063	29150
24141	26488
22004	26357
21149	26311
21004	27298
23974	28512
24590	26432
23908	29568
21957	26399
22488	28152
23463	28801
25024	26247
24582	27594
21702	27133
23753	28844
22917	29018
24557	25577
22541	26593
22773	29470
21285	28334
25129	25544
21689	29501
25340	27988
25387	28435
23051	27367
24403	29185
24930	27485
24290	28342
23606	25891
25382	26365
24674	27236
24368	28193
24063	29963
22589	26490
21431	29803
25028	26121
25190	27852
25475	29764
21390	28623
22139	26584
21396	25914
23558	29484
23865	29299
24105	26278
24648	27249
22216	28901
24208	27709
21110	28818
24847	28077
21812	27404
22633	28227
22172	28040
24448	27758
22790	29547
23407	25657
22220	25993
23872	27902
21363	28487
24343	28218
22038	29506
22092	26621
21767	28165
25043	29241
23933	26430
23450	27003
23174	26322
24906	27809
22098	25931
22764	29414
21397	27451
22407	28181
22889	29555
22775	28211
21220	28992
24227	29047
24838	27714
22360	28140
23379	25571
22455	29838
22095	28704
22586	25859
24022	25769
24289	29331
23163	26290
22968	25756
23590	26151
24528	28666
24730	29142
21074	26604
24946	28728
24375	29607
22733	28677
24530	29969
24820	29572
21731	26279
23989	27085
24503	28080
21596	28497
21830	26583
24668	28295
22025	28635
23179	26150
23028	27199
22515	28894
25159	28370
23301	25724
24808	29311
23289	28922
25259	27432
21042	26928
24382	29177
24248	28306
22011	27124
23127	27861
24462	26529
23949	29476
25092	26352
23002	27345
23941	28206
23670	29780
22643	25965
23568	26990
24346	28415
23057	27778
23141	26574
24507	29497
23921	27128
23400	29059
22893	25704
23538	28101
21570	26198
23834	28599
24157	28571
22672	29138
22654	25703
21834	29357
21973	25671
23239	28806
23631	27434
25018	29994
22444	28634
22573	26443
22232	27147
24160	28945
23669	27964
25291	27247
25235	28284
21615	29855
23084	27333
21177	27935
21559	29423
21236	28934
23814	27647
25487	27556
22462	26558
25021	26963
24388	26779
21255	25754
23930	29492
21545	26789
23702	28226
21240	28434
22884	26759
21746	26463
22348	27201
22771	26505
22664	26109
24634	26763
22287	27293
21412	25644
22358	29201
22495	26372
22772	26719
23315	28904
23964	26335
22689	29060
21136	26359
24357	29462
22008	28157
25391	27896
24093	28259
24202	27446
24054	26103
24099	28308
25026	28526
23603	27134
25140	28220
23221	26001
23578	26106
24895	28592
23355	28856
23338	28476
21998	29833
22182	28529
21429	27483
25146	25529
25030	29524
25285	27562
23750	29442
23667	27379
25133	26934
21886	27625
25019	26864
21230	25553
22726	28762
21878	25559
22679	25847
22056	25631
23208	29774
23021	26071
21288	26882
24075	28877
23387	28692
21681	26938
24172	27650
25380	27554
25258	29937
22242	29881
21538	25533
21515	26401
22387	28453
21794	26644
22419	27819
23528	27638
24411	26618
24604	26017
23512	28164
22338	28105
21479	29965
21822	25575
21659	29979
21563	29952
24272	29888
21047	25823
25229	27437
25084	27980
22976	29565
21744	28777
22551	28135
24221	26941
24179	28524
22533	25654
25199	26603
21440	25711
24285	29765
25365	28315
22082	26184
22823	27309
21867	28843
22365	26293
25194	28038
22486	28091
21349	29097
24789	29306
25452	26735
23207	27159
22118	28294
24636	25619
25174	29676
21392	29835
22345	27447
21712	25853
21041	29635
23683	26802
23626	28459
21178	28965
22117	26874
21768	28096
23364	25642
22504	29683
23552	27482
23107	28935
22163	29938
21413	29003
23801	28048
24907	25625
24419	26480
24347	26512
24324	26640
25233	25818
22212	28053
25468	27006
23823	25910
21868	28383
21640	27834
22954	25580
23640	29268
21678	26116
24068	29069
22493	27750
21137	27308
24071	29652
22582	28793
24757	26275
22144	27677
24760	26178
23868	29481
24896	26070
21956	26147
24602	25540
25273	28363
21672	28373
21484	27381
22078	27377
23675	25890
25098	27793
24951	26653
21401	28349
24975	29422
21272	28854
22437	26723
23768	27317
23399	26038
25337	27887
22888	25735
24948	28143
21829	26395
24660	27112
23076	27301
24506	26842
22205	25928
21729	26404
21757	29379
22974	29245
22218	27449
24474	29591
25472	29886
22597	25828
23965	26498
23080	26680
24261	26687
21948	27664
23692	28178
21229	29366
24138	26912
24195	28779
24327	26289
21850	27557
23777	25883
24433	27818
22086	28550
23335	27551
22653	29980
22778	27095
23469	29696
23394	26577
23601	26541
24914	27093
24953	29418
24364	29837
21732	27843
24440	26785
23862	27553
21273	27526
21016	25947
22702	25834
24036	27756
21605	26569
21238	27513
25017	27443
25069	29471
24358	27030
23348	27528
24125	29103
21179	29998
23508	27838
23835	28422
21373	27389
23674	27438
24945	28986
24511	28002
24920	29317
25147	25561
24186	27136
21913	25685
24515	28021
23297	28118
21296	27142
23309	28136
24552	29335
21013	27775
23305	26200
21606	27414
22663	28578
22534	28318
22295	26566
25093	26388
22758	27538
21594	26924
25171	28055
21611	28162
24934	28189
22010	28187
21383	25710
24371	27673
22813	26536
23012	28515
24219	29579
21502	27273
21019	26829
22694	28734
24940	26689
23418	27252
21740	27933
21309	29218
21334	29913
23304	26834
22684	28759
23421	26487
22266	29179
21241	29222
24025	28835
23907	29088
21107	26731
24623	28794
25145	29132
24709	28401
23614	28129
24618	29783
22199	28271
21023	27948
21593	27374
25004	25667
24980	27913
21838	25782
22557	25973
21090	29902
24167	26858
24246	27518
21655	28402
21864	26607
23562	26294
22661	28953
24152	27034
22500	28242
25400	28584
22923	27929
23124	25986
21299	26734
21404	27417
22239	28252
25013	28603
25336	27265
22303	26192
22148	29972
23579	28503
24677	26475
25335	25888
23515	29619
22946	26062
22574	29830
21102	27026
24848	29019
24475	27196
23869	28638
24258	26827
22361	27266
22517	29234
25322	26872
22000	26666
22875	25908
21369	28179
24985	28492
23271	28045
24617	25502
22992	28269
21329	27431
22076	26142
21331	28721
22762	27246
22367	28141
22351	28417
21634	29300
21450	26282
22091	27154
25113	29990
21270	25963
22594	26630
24978	25866
22994	26595
23776	27868
22331	27857
25486	26296
24108	29238
21598	26694
24330	29595
25244	28703
25282	27162
22728	29373
25362	26696
25498	26182
22030	27810
25108	29363
24887	29811
22197	26638
24207	28239
22473	29361
21743	28022
23772	29895
21665	26996
22827	29655
24539	25599
21748	29817
21352	28781
22449	27459
23059	26285
21894	26615
22049	28357
25060	26077
22659	27207
22330	29840
21246	28795
21715	29068
21207	29349
24577	29161
25478	26762
24400	25583
23263	28840
24653	26681
23062	28626
21132	28819
24589	28023
23119	28968
25034	29729
24405	28049
24763	26163
22616	26778
24187	28169
22963	27361
24090	27501
22137	27812
21411	26187
21462	27216
24374	27344
21360	29550
25172	28733
21861	29788
21976	25917
23117	27569
21762	28443
21011	25646
23524	27014
21813	29348
24069	29126
23485	26573
24793	28479
21870	29706
21576	29065
24835	28340
21403	26146
24304	29792
23892	25933
22184	29122
21669	26867
21664	29692
23961	26011
25424	29658
22995	26405
21466	27108
22075	29934
23414	27271
23130	29153
22059	27235
21093	28876
21287	26775
24420	29070
24644	27987
24882	28664
23480	27071
24762	27356
23797	28616
22275	26284
23771	29401
22314	28919
24367	29339
23401	26777
22399	25927
22235	29337
22094	27927
22430	26500
23152	27082
23812	28387
25303	28784
21808	29456
23428	26787
23944	26625
24421	29542
25367	28440
24846	28324
21084	26917
25330	28631
21800	29514
22947	29946
24958	25867
25263	26988
21339	26709
24218	28720
23048	26271
21700	26979
21771	28028
23831	27248
23802	26596
21293	27820
22121	29390
25228	25730
24039	28094
24731	27745
24237	27666
23742	26549
25389	29903
21620	28142
24035	27403
23436	26227
25102	29844
24401	28056
24310	28549
24993	29736
21034	28448
21824	27607
23587	29159
22606	28774
25180	27291
24164	26726
23789	29387
24204	26435
24787	28878
23047	28223
23992	26578
24213	26408
23086	25777
24185	26263
24287	28403
22999	28301
25158	28507
21921	29248
23658	29825
22180	29669
21673	26994
24455	28115
21561	29512
24321	26822
25437	27104
21967	29549
22343	29940
22273	28823
22475	28225
24245	29457
24574	29294
24342	29543
25473	29646
25392	27708
21571	28116
22842	28591
23083	26086
21755	27643
21790	28079
24010	25978
21512	28646
25490	29503
21653	26339
22340	28940
23446	25510
22883	29483
24166	27512
23402	28460
22221	28319
24913	29385
23378	27613
24829	25861
22127	27974
24351	27989
24325	28943
24658	28323
22925	26213
22640	28528
23653	29208
21703	28032
22363	29192
23540	29168
25156	29226
23349	27319
23841	28345
25221	27786
23266	29191
23150	29001
24471	28700
24571	26027
22847	27595
25081	26219
24840	27234
25131	25518
24902	26898
22383	29644
24675	27811
21362	28758
22502	26157
25077	29254
23258	27905
25040	27578
23310	25877
21171	29771
23082	25535
22909	27889
22173	26050
23505	25951
24137	26843
22828	29188
25276	29064
22958	26656
22048	29571
24060	28716
22097	26420
23376	26483
22802	25793
24354	27627
23454	27514
22655	28783
21532	28791
22179	29310
22041	28228
25426	29464
22656	29906
24333	29648
22204	26305
22210	26554
24268	27837
22416	25839
23198	26104
24231	27116
23177	26564
22501	27225
22354	29411
24766	27509
25401	28008
22317	27805
25222	26166
24043	28328
25353	27111
24522	29265
22085	27383
22751	28954
21698	27227
25269	29342
23109	28827
21875	26367
21688	25750
21852	29784
23837	26942
23918	27521
22620	29876
22649	27827
21118	26021
24984	28651
22159	27436
23924	26337
23695	26299
23008	26171
24410	26102
24229	26747
24300	27919
21471	27581
21877	29728
24610	27065
23904	28030
25316	25960
21654	26753
22021	29027
23983	25781
24491	27260
21764	26922
21629	26385
24966	29264
21835	27982
21556	29136
25396	29899
24566	26276
23551	28247
21562	29710
24719	27276
25217	28066
25373	29716
21540	26496
21274	27784
21302	28260
21584	27583
23844	29874
21548	28126
23193	25852
23696	27510
23621	25511
23705	25844
25165	27340
23727	28245
21414	29033
23684	26609
24556	27654
24866	25832
24777	25902
22227	27849
23032	28790
24281	26725
22743	29709
23783	28020
23556	28604
25326	29184
24255	25653
24490	25579
22272	28525
25189	25815
24565	25787
22368	26818
22261	26582
23285	26412
24683	28566
23225	27667
23759	27548
23509	26348
21709	28590
21789	26851
25309	26057
21651	26026
24721	29012
24886	29308
21722	26207
25366	25845
22521	27508
24495	27736
24078	29196
25234	25837
22577	26391
23397	28903
22024	29968
23489	26695
23688	28408
24877	27882
21319	25670
25485	26900
21865	29553
23605	26029
22570	29402
23555	27930
23615	29049
24822	25674
23637	26096
22344	27684
21015	26324
24314	28268
22231	29657
22069	26468
21368	29119
21418	28293
23877	27357
24051	26453
23250	26459
25248	28858
23786	25970
21407	29627
22915	26381
25080	26705
22666	27047
21895	25679
21052	26954
24684	29369
22446	26534
22708	26633
24215	27648
22670	27408
21469	26992
21204	25565
23003	29315
22112	29704
24585	27049
22587	25558
22707	28312
23880	28632
23878	26896
21173	25751
21425	29949
24643	28244
23043	29640
21543	25906
22359	28355
22821	27833
24015	29664
23373	28388
22642	25770
23794	28302
21600	29647
24967	25959
24413	26860
21590	26042
22253	27738
22614	28005
23970	26452
23820	27101
21278	28551
23237	26859
24217	26039
22993	29653
25173	25937
22626	26674
22490	29472
23722	26349
24754	25574
24694	26841
22326	29997
21105	28739
25091	25807
25483	29176
24785	26243
23798	28752
22027	26985
22548	29227
22578	27054
23769	27687
24132	26768
22145	26727
22779	29314
24620	28601
24876	26222
22933	25675
21303	27830
23455	26744
22327	26173
21929	28543
23443	25509
23987	29569
21342	27295
23190	25814
22693	28494
22540	27488
24389	29017
23204	26323
23583	29509
23344	27380
23148	26251
24859	29101
21151	28989
22406	26773
23770	26885
22382	26930
21184	27592
23574	29685
24148	27059
24305	28292
23312	29223
24977	26379
23582	28761
23056	27780
24697	27285
21980	28093
23396	28837
23707	27152
21328	27224
22257	25925
23678	27017
21163	25673
25218	27020
21754	27600
23405	26108
21276	28322
24182	25747
23108	29479
21603	25749
21088	25800
24832	25662
24279	29433
23829	27399
23170	28173
23269	29598
22384	26890
21428	28570
24764	27959
21986	27754
23157	25757
21398	25715
21085	25713
21002	26668
22166	27341
23766	26551
25045	27926
24242	28201
24666	27712
21841	25610
24995	28204
24080	28044
25360	26472
25090	25856
24329	29102
25008	25603
25432	27900
24827	27658
21364	29575
23392	28699
22665	26881
24712	26850
22898	28547
22225	27961
21224	26601
22867	28072
22376	26396
23718	27155
25142	25805
23525	28683
24830	27560
23220	27442
24153	26245
23053	26830
23633	29251
22265	26226
25281	27567
21001	29304
25035	29702
23063	29202
22879	26968
21553	26820
22051	25860
22503	29798
25439	26588
24201	28172
23280	28661
22377	29880
21343	28149
24944	25604
22575	26270
25163	27366
23729	27766
23822	26283
23123	28533
21979	26310
24385	26019
24345	26014
22555	26037
23484	28258
21066	28859
22645	28939
22224	28103
22381	27258
21887	29634
24065	26599
23274	28947
24755	26535
23238	29129
25238	26817
23292	26307
22209	27713
25368	29246
23307	26873
22814	26448
23532	27032
23015	29328
23098	27979
22549	28215
22087	29389
25361	27494
22727	27693
24772	29908
23937	28418
23942	27765
22335	27956
21602	28205
24505	27274
22138	28765
21216	29873
22732	27261
21523	26268
24611	29836
23146	26389
22055	27700
23038	28747
22006	29988
24692	28676
22186	26751
24598	27275
25167	28671
22604	26331
25041	26132
22334	26877
24529	26220
23546	29866
21033	25734
22241	27028
24638	27944
22807	28938
22398	28413
21866	27231
22690	29715
23324	28037
21911	26482
22595	29533
23288	25972
25164	28350
23403	28376
22113	25613
25070	27924
25088	27210
23818	26786
21749	26925
23561	27854
23897	29632
21536	25984
22950	26659
22806	27822
23072	28548
22226	27549
25384	25822
21631	29040
22453	27880
21630	26776
24211	29446
21416	27984
25422	29869
22695	26033
23275	27365
21104	28454
21879	28929
25211	25503
23828	26469
22675	27342
21266	27402
23689	26544
24175	29071
22826	28283
22403	27471
23881	27186
21970	26300
21727	29143
21539	27602
25458	27841
23710	28493
24315	29843
24134	27439
24439	28885
25293	26993
24443	25909
25232	27130
22539	26665
23426	29298
23589	29413
25186	28445
21585	25758
24724	29309
24161	29133
22543	28800
22700	27468
23518	25591
24018	29641
23762	28084
23647	27729
24372	29266
21388	28332
21351	29554
22746	25542
21799	26771
22270	29592
23089	28959
21426	28941
25275	29420
25260	28656
22890	27657
21530	25521
21130	25697
22892	26679
24888	27324
22222	25527
21473	28667
25150	25723
23928	27733
25445	29548
24897	29217
23078	28925
24810	26056
24100	28824
24933	26382
21317	27958
23422	27244
21313	29768
24457	27860
23359	29116
21384	27642
24603	27203
23767	29243
21437	28087
24267	28918
21739	27360
21915	27160
24004	25762
24700	27609
22941	29882
21930	29175
24056	26921
22834	27991
24535	25991
22680	27568
22822	26667
21521	26559
24002	29546
21337	25698
22870	26911
23088	28180
24276	29759
22901	28536
23997	28731
22424	29752
21059	28582
21658	28400
24046	28356
24081	25831
24527	29279
23404	27218
22157	26208
24190	25838
22111	25691
22390	26906
25381	28344
24006	29755
25449	29118
22840	27126
23749	25630
21483	26961
24520	29269
25440	26772
22858	25668
21145	27862
21912	29134
22777	26977
23466	29270
21143	29438
22739	29199
22709	28715
23973	27934
24143	27407
22932	25836
24206	29573
22621	26214
21030	27268
21215	29454
24546	29920
24012	27267
23168	28375
25161	29978
21341	25732
24135	27545
22832	29340
22286	26291
23523	26871
24232	27699
21810	26124
24308	26862
24189	29587
23758	26394
24301	28662
21796	29961
21619	28447
24662	27893
24778	26547
25082	28563
22987	28380
23182	29237
24943	27145
23476	29329
25339	25806
23850	27090
24352	29258
21073	26355
23887	29426
24115	29717
24768	28089
22413	26458
22291	26455
21831	28336
21447	29948
22414	29091
22106	25572
24434	26301
21942	25722
22012	28948
24013	28026
21763	25945
22324	25594
21775	29474
23613	28182
22648	29090
21670	27004
22386	28427
24392	27856
24797	27321
22718	29109
24583	28203
22281	28930
21644	26654
25178	29287
25257	28842
21374	29158
22952	27038
24130	27177
24452	29841
21314	28467
24467	27815
24844	29539
24606	28233
25355	28131
21617	26048
22356	27055
21704	29321
22691	28472
24922	29352
22073	26212
21677	25949
21003	27559
22730	28730
25095	28490
22561	28679
24128	25678
22509	28372
21237	27772
22699	29861
21823	28754
21984	28061
24592	28615
21503	28722
23708	28581
21463	25907
24544	29808
24739	25655
23854	29650
22770	26457
25252	25588
23931	28979
24323	29291
24453	25944
25370	29189
22264	27119
21058	25830
21933	28378
23164	26780
21161	28070
22547	27532
21758	27052
24870	26893
22635	29211
25320	29319
21265	29155
21357	28926
24798	27990
21089	26082
21153	27064
21280	25971
24140	27077
22812	27045
24784	29910
21332	26327
23522	26808
23925	28311
23475	28265
21117	27171
23022	29297
24488	26793
22146	28867
21537	29421
25438	25820
21315	29507
25114	26366
22998	29776
24136	25873
21078	27603
22922	29376
25341	26755
24417	28891
24903	29826
24599	25712
21086	29528
22174	29769
22015	25992
21718	29197
23097	27022
23608	28910
24959	28331
22129	28608
25192	25652
24111	29515
24091	29960
25447	26812
21853	28128
24960	29578
25481	26325
22856	28254
23366	29057
24447	26848
23594	28847
23442	28058
25383	26356
23218	26133
25246	26317
21728	25955
21555	26010
23139	25708
23441	25775
25425	29289
25314	27828
22420	25854
23813	25940
23181	27031
23040	26884
24429	28042
23440	25650
25162	27395
22878	28196
21786	26035
21999	28366
22395	28792
24084	27566
23143	27334
22305	27469
22776	26113
23095	28937
23252	27312
24651	27912
24865	27448
24736	27303
21432	27723
24616	27907
22522	27178
24383	28208
25009	25590
23327	26266
22966	26886
23817	26865
23723	27466
24460	25895
23988	28956
21138	26678
25243	26855
24159	26316
24567	27909
23544	26141
24938	28406
21294	27879
22525	26485
21400	26246
24139	27801
21662	26849
23984	27951
21795	25661
21120	26770
21612	28789
25141	26782
24296	28412
21022	27764
22088	29815
21726	26499
22623	28484
24992	25882
21907	29656
24487	29618
23495	27923
21685	26232
22494	26504
21134	29145
23103	27263
21243	29473
22846	27755
23367	25582
21860	27608
25154	26361
22258	27668
21574	27978
21036	25690
25359	26094
22160	28095
21730	26260
21205	29151
23160	27043
24079	27120
24209	29562
24553	28261
24316	28051
25157	28711
23806	28540
22780	28735
22341	26421
23306	26746
21127	28556
25453	28816
21985	28033
21457	27767
22988	29996
23681	27490
21674	25872
25130	26312
21498	28753
25105	25926
22260	29383
24406	29668
23158	26970
24657	26494
24048	28425
25075	26286
23591	29580
24954	29108
21452	29173
23990	29526
23950	28727
24669	28697
21306	27023
21734	26052
24072	28817
21701	28480
22864	27622
23500	29684
22026	25592
23016	29393
25454	27158
22429	29067
21885	29099
24023	27405
21533	27520
21937	26662
24293	28348
23210	29139
21202	29381
24894	28426
22447	26092
25294	25601
23980	29164
23247	26098
22978	28553
25491	29559
24326	27076
24484	26907
24222	27814
21159	26466
21060	26354
22135	28899
22861	27081
24095	28365
21583	29013
23716	29970
22489	25974
23519	27760
24479	27416
23883	27640
25344	28750
23687	29707
24676	28288
25219	27040
21873	28674
23977	27881
23110	29999
25406	28833
24613	29860
21747	29958
21944	27537
21112	28830
23599	27428
23642	26766
23756	27790
21006	29313
25231	28583
22123	28633
22636	27593
25377	25934
21524	28981
24537	29181
25201	29649
22347	27928
22851	26235
21307	29521
23491	26264
23233	26796
23298	26273
21714	28695
24587	26517
22202	27663
24910	28506
22913	27669
23287	29205
25216	28256
24588	26626
22468	27372
23185	27029
24742	27075
21455	27690
24942	29730
23264	29365
25404	27346
22815	29538
21527	29727
22943	29416
23646	27206
22099	28452
23245	26600
23447	26757
24607	29584
23624	29535
22833	25516
23536	27497
22044	25573
24173	26807
21433	26228
23004	26586
23219	25905
21908	29773
21324	29720
23506	27010
21637	27502
25407	28229
24558	26684
22678	28024
21926	28257
24396	29928
25299	29671
22154	26241
24050	28473
24151	29558
22638	27947
23639	27970
23351	26749
23534	28290
22029	28039
21588	29865
24804	28272
25321	28097
23899	29351
21977	28870
24348	25567
21522	25842
23272	26823
21968	28805
25046	27737
21283	25850
24214	29405
24199	27895
22766	28475
21961	26136
25052	28064
22791	27996
21081	29589
25268	28333
24563	26967
24568	29665
21994	27865
23955	28351
22885	29856
21604	26186
23922	29370
25094	29510
24813	28707
22934	29806
24965	25774
24384	27866
22307	28917
23564	29884
23278	28439
23864	28194
24600	25799
24710	27719
22687	28369
22042	29772
25278	27097
25421	27620
21582	25526
25307	26495
22478	27212
24759	28746
21111	26669
21045	29280
25183	25648
25029	29616
23209	28012
24819	29417
25345	29804
22219	29459
23799	25550
22320	26610
22942	27328
22476	29029
22880	28282
24540	29745
22300	28088
25200	27280
25405	26524
22438	28017
23947	28577
22379	27290
21119	26697
22531	26045
24986	27858
21269	27874
22608	25849
24584	29846
23539	26413
24814	27589
24688	28391
25022	29347
22632	27496
22783	29087
22425	28018
22939	26989
23069	27697
21546	28862
21828	29892
25071	25887
24263	29721
23415	28237
22706	28502
23222	27721
23998	29905
24893	26511
24278	27011
22530	29182
22869	29135
22837	28488
21753	28065
21953	29079
22423	28769
21565	26135
21647	27493
24030	26353
22293	28875
21271	26462
24203	28709
21393	29137
23419	29525
23586	28636
21027	27802
22511	25647
22374	29530
22904	29922
24999	27636
21012	26809
22456	28352
23889	27499
24398	29296
21336	26072
22342	29763
23430	29045
22737	26806
21258	25977
23357	29868
21108	25948
22077	26159
23112	26614
25079	29146
21098	26165
23013	27665
21923	28241
21891	29274
23244	29862
21250	28219
23255	26479
21443	28966
23478	29596
21210	28809
24097	29743
24387	27531
24883	29131
23920	25808
24639	27763
21070	27269
21005	28621
21745	29466
21610	28298
21589	27299
22302	27323
23354	29016
21510	27463
22795	28110
24497	25627
22740	28946
21488	28036
25247	29823
23126	29026
21646	28841
25428	26502
24670	27973
23439	28029
24758	28404
24678	27489
21650	26592
24393	28114
23780	27037
22625	26965
21062	27783
23836	25740
24047	27864
25058	29220
21807	29832
25390	25789
24994	26561
21902	28564
21461	26446
24380	26774
22318	25942
21769	26646
23726	29705
22961	27302
25402	26066
21705	27385
25442	27800
23755	26769
23303	29100
25466	28641
24504	25738
22203	29406
22373	28675
24513	27185
21050	29493
23481	26686
22784	29756
21465	25608
23967	27146
21893	25957
25408	28627
23790	27072
22891	27591
23645	26700
22722	27123
21065	25677
22412	29517
21825	28879
25138	28572
25197	29326
25455	26431
23909	25753
25403	27503
25118	27705
24609	28134
24055	26434
21121	28558
24769	26606
23560	29748
25149	29439
25050	25624
24845	27798
22032	26750
21197	28832
21359	27614
21083	28209
25087	28751
21573	27296
22545	28339
24424	28652
24386	29388
23417	29662
24359	26805
21198	26708
25020	27791
21608	25826
25048	28424
23138	29378
24312	27646
23900	27305
22401	25736
23838	27257
23879	27689
24801	27386
25416	27715
23257	28192
21854	27048
23420	28270
21233	26712
22311	29812
22279	25862
23731	29566
23975	25519
21738	25748
21219	29343
23600	27577
24837	26140
21226	29499
24070	29942
23859	29853
23286	27039
22754	26061
24481	29982
22328	26400
22894	29737
23493	29247
25212	27184
22161	29545
21385	28546
24663	29009
21547	27256
25300	29286
24633	28436
24077	29455
24123	27294
21353	26866
25053	29475
24014	28741
22566	28898
21996	25694
23778	27053
21692	27062
24501	29257
23458	25522
22683	26545
21938	28909
23541	27286
23253	25880
23331	25672
25497	28516
23994	29157
23153	25857
24541	29485
22908	26525
23019	25728
23501	25612
23604	28848
24655	27523
21222	27968
25288	28108
22720	29486
24743	25976
24028	27883
24052	25617
22454	26824
21506	29847
24941	26164
23381	29242
23101	29663
21113	25741
23543	25825
24981	29000
23229	29428
21056	29564
21075	26623
24880	26393
23548	26997
25236	27148
21470	29058
24198	26624
21802	26597
23549	27035
22471	26632
25117	27863
23429	27504
21501	27396
21199	26936
21239	27808
24425	29171
25132	26083
21541	28078
22786	27960
21340	28384
22297	28428
21508	28755
22355	26947
22871	29125
25305	27000
25467	29732
23821	27735
21069	29708
25196	27190
24499	26528
24181	29170
24124	29770
24788	28156
24990	28808
23876	25874
21459	27611
22292	29953
21165	27167
24194	28890
24969	28880
25031	29667
24686	29409
24936	28062
21766	27484
23206	29987
23588	27205
23050	29540
23037	26080
21474	28534
25295	29586
24259	26371
23620	29160
22750	27337
24253	26745
24745	28462
21057	27450
23641	28736
23874	28321
22461	27694
23166	26974
24282	27836
24627	29955
24127	26730
21048	27347
23061	26897
23815	26134
21924	25848
23293	28987
22497	27329
21381	25765
22781	27230
22900	27424
22605	28587
25213	27940
24741	25819
23764	28796
23848	29926
22188	26876
21281	25512
25134	28457
24031	28920
21793	28852
21290	27963
24890	26492
22854	25997
21684	27842
22938	26190
21453	26025
22100	26852
21607	27115
21460	29104
24338	28291
23842	26125
23739	29216
22104	27129
24673	26377
22831	25817
21572	29255
22535	26350
22040	26225
23849	26464
24664	27511
22749	26197
24881	28381
22767	26075
22237	27336
22498	26905
22177	27118
24177	28307
25089	29563
23741	27695
23081	27649
22346	26813
23566	28826
24874	29477
23411	27621
24350	29491
24473	29293
25204	26332
22369	27972
21624	27867
24720	29341
23654	26105
21761	27223
22652	25726
23496	29128
23679	29974
24803	28277
24841	29105
21791	27352
24428	29178
22874	26526
24818	26581
24892	25772
23845	26503
21909	27163
25086	25766
22156	28113
22472	29229
22208	26819
24559	26069
22580	29713
23725	26520
25349	28362
21367	26543
22238	29585
21638	29055
22404	29073
22458	28853
23213	26088
22380	29767
23784	29904
21713	28745
24641	29845
21917	25684
22810	26803
23265	25578
22017	27359
22945	25864
22729	29072
25109	29467
25074	28224
24363	25658
24949	25795
24937	28034
21087	28532
25227	27150
22782	25797
25120	25794
23276	27782
21168	29688
23380	29235
23322	28374
21542	27599
24855	29782
23254	26358
24679	26427
25306	26167
24632	26295
23816	25543
22921	27149
24273	25569
24418	26302
22819	28468
21960	27370
25012	29419
22527	26506
25000	26107
24512	26390
22965	26929
25085	25889
21252	26180
24991	29581
23167	29660
23433	25637
21316	28787
23020	27175
24875	28186
24431	28360
22768	25731
25342	28099
24690	28600
22785	29907
22519	28952
23490	29498
21741	29629
21517	28971
21492	29435
24441	27781
22035	28807
22738	27701
25153	25841
21076	25570
24024	25729
24536	29630
24458	26945
22935	28353
23811	26175
24480	25898
22797	29608
21832	26752
22181	27552
21721	29734
22364	27307
21963	27310
23680	28682
22866	27997
23715	25915
23597	29626
24220	27794
24988	28450
23781	29891
24779	27470
21513	28122
24685	27433
23317	27044
21486	26378
25427	29260
22911	28316
21520	27674
21077	28059
25097	29052
21613	27066
21261	26013
24737	26450
23956	27626
22251	29809
25111	26306
21711	29971
21509	27444
21046	25783
23356	29777
23212	26721
22133	26054
24926	28530
24646	26575
25124	27091
24722	27901
22131	26328
21943	27174
25123	29643
24749	28063
24706	29959
23075	27401
24284	26718
24489	26683
21213	27711
21972	29661
21311	27278
22124	28202
23027	25894
23291	26501
25492	26645
22798	26857
24630	28240
21890	29829
21389	29282
23580	26189
23125	29529
21779	26002
23791	28650
22122	28396
23744	29839
21803	26481
23066	29429
24113	29053
21652	27635
22536	28106
21379	29610
24595	28216
24454	29502
21990	25702
22083	29757
24998	29252
22686	29933
23672	27544
23612	27534
21690	25833
23827	26055
25324	28471
22269	29504
25121	29787
22484	26825
23337	28442
24549	28171
23116	26826
24738	26433
24492	26815
24446	27891
23735	27953
22249	27759
22644	28433
21710	27410
22591	28811
23273	27259
25434	28984
21991	25776
24702	29802
25245	26204
24416	26811
24531	29458
24102	28199
22634	27125
23774	27897
25067	27576
24073	25985
24262	28861
24496	28850
21997	29362
21635	28924
24183	26138
21377	25962
21344	28649
22820	27288
21192	27835
25433	29816
23752	27660
21365	28982
22309	27132
22125	25634
21950	26344
22905	27680
23867	29889
23962	26521
24997	27799
23895	28347
24656	28405
22080	27952
22824	27168
21254	29285
23300	28477
25397	29924
23938	26411
22487	27453
23971	27740
24145	27109
24756	26507
21420	25918
23382	27596
24409	28489
24619	27281
21934	29333
24519	26836
24017	26068
22325	28609
23477	26960
24302	26259
24271	28659
24092	29494
22550	29336
24370	26629
23738	27087
23479	29941
22422	25632
21181	27390
21231	28994
25220	26701
23437	25846
24833	27574
23625	28637
23743	29954
23341	29015
21485	28643
25271	27415
23375	29276
22002	27078
21872	26880
24430	26539
21849	25796
21150	26738
24005	27229
23424	27300
21910	29872
21206	28385
22081	27289
24919	26288
22336	26383
21099	26673
22482	26201
25451	26711
22953	27182
24517	27846
21575	27314
24635	27586
25206	26552
21833	26126
21846	28054
23151	25683
21174	27851
21936	26671
22899	28068
25078	27183
24828	29532
22033	26969
21029	28004
24163	26319
22084	29437
23343	26940
22162	27894
24294	25964
23194	28552
22972	26538
21500	27597
22569	29931
21444	26760
24968	28124
21857	26920
25418	25584
22981	29794
22970	26060
24274	28663
24297	27445
21668	28593
23295	25913
24521	25623
24407	27788
21639	29518
24952	27242
24915	27478
22980	27198
22928	28907
21020	29883
23227	26139
24858	29574
25496	29460
21044	26717
22657	25912
22190	27921
23383	29654
23676	26728
22836	25541
21277	28825
22417	28130
22047	29642
23737	29152
23685	26612
24909	27400
24869	29415
21212	29877
24817	28183
23060	28420
21245	28231
23611	28738
25413	29121
23234	26256
21707	28588
25160	28007
22448	29789
22857	28708
25332	26250
24862	25600
22333	27353
22801	29621
25055	29141
25494	29233
24551	25696
23662	27262
22760	27187
21464	26651
23855	29400
21347	28995
21079	28102
24466	26692
25198	26330
22554	29140
21951	28303
21993	26161
22615	26426
22436	27179
24652	29511
24165	26032
24608	26397
24171	25645
22688	29956
23773	29320
23178	27681
22003	28367
22916	28999
21190	26655
21189	26422
22962	28390
23065	29919
22763	29819
23144	25784
24021	25547
24570	26869
23090	28612
23510	26937
22920	28714
24178	29522
24693	26676
21242	26181
23465	29766
21114	27716
24116	29875
25412	27338
23717	25969
24449	26081
24929	27318
21642	28243
21458	28642
21147	29377
22761	29867
23656	29478
22948	25790
23007	26223
25493	28441
25001	28767
21405	27283
22704	26761
24950	26041
22617	29250
23592	28485
24109	25899
21436	25614
23497	26028
23467	27080
25374	27487
23952	26318
24715	29636
25083	29691
22692	27063
21191	29914
22296	27107
23256	29785
24860	27870
22951	29344
21507	28520
22149	27193
22668	26194
22339	29577
22389	29221
22969	28855
22467	28399
22872	27180
25215	26123
22301	29871
25240	26639
25202	25681
21380	26685
24545	27950
22164	28060
24335	26910
22612	28766
21155	28895
24106	26474
24402	25901
22057	29593
21497	27966
24774	27460
23296	26078
22560	29703
23935	27915
24917	28967
22583	25607
25372	26386
23995	29590
22433	28928
23104	27617
21158	26948
22895	28267
25175	29312
24032	26914
24360	29813
22721	28545
23713	26949
23644	29249
21338	29631
23785	28409
22627	29496
24225	29448
25249	29046
22667	27969
24728	27021
23960	26510
23530	25778
24579	27089
21946	28019
21836	25941
25209	26111
22018	26919
23136	28537
23503	26611
21578	26567
21100	27629
24390	26152
24432	28569
25298	28523
21971	27245
24752	26091
22470	26023
22119	27393
24235	26137
24831	28602
21601	26875
23833	29689
24555	27945
22168	26894
22624	28521
21609	27995
25410	28977
23733	29570
24427	27255
23184	28996
22316	26346
23663	26998
22835	26016
21649	26784
21139	29795
24000	27606
22658	28713
22650	27473
22023	27219
21175	27105
25152	27233
22532	28541
23531	27001
23087	26788
21621	28902
21445	28010
21009	29950
23602	25803
22391	26215
21904	28539
24309	28950
22060	27769
23740	28717
21735	25739
21435	28371
21451	29115
22282	26981
23025	28718
21244	28082
23903	29638
21040	27491
23488	28470
22967	26853
23342	29041
24672	27398
24376	29544
21931	28368
23024	26229
22609	29605
21476	26743
22576	28710
21421	26030
24361	27394
23243	29854
21162	27826
23598	27573
21717	28743
21636	25725
22247	25581
22601	27479
22187	25953
21225	27051
24008	26047
21927	26491
21402	27382
21116	28098
24614	26548
24117	28153
22357	27222
24836	26368
24905	26939
22982	29944
21345	27533
23788	28744
22630	26154
21061	26976
21560	27012
22045	26292
21188	26049
21862	27884
23700	29859
22385	25869
23431	28522
24320	27742
24265	26392
21780	26193
22852	29523
21679	27722
23577	27570
22198	26664
21378	29397
24184	29489
25110	28962
24518	26957
21888	27931
22671	28921
22134	29929
22876	27475
22523	25720
21691	26074
21518	27908
22641	27529
25044	27284
24397	26952
22299	29567
24746	28125
25369	28803
24575	29599
23203	27498
21214	25886
23473	29095
22435	29827
22949	26158
22897	27986
23709	28394
22463	25904
22907	27821
21529	29002
21468	28881
24581	28580
25193	29885
23192	27965
22957	27975
22268	25700
22313	26329
21699	29010
22229	27138
23211	26572
21837	25824
23073	26931
24391	28764
23332	28834
23161	29056
23180	29927
22189	26715
25477	28000
21788	29330
23064	29625
23870	28057
23111	26916
21193	26620
22362	27999
24729	28100
24939	27422
23413	27652
25325	26445
23460	28579
24045	27704
23607	27517
24725	26341
25313	29391
23698	28985
23058	29345
22538	26044
25062	29230
23451	28960
22230	29180
23200	29718
23329	27486
25112	29081
22093	27454
25379	27726
23282	25843
21419	28393
22787	28083
21919	27465
22513	26619
21876	26555
23911	28680
23093	28868
22598	25768
24291	29394
23055	25935
24791	27876
23690	25602
22200	27656
21025	27343
21675	27106
25065	28698
23853	25998
24782	25788
24704	28287
21480	27458
24533	27911
23358	26143
24344	28701
23757	28813
24626	25987
23316	27661
23319	27730
22233	27873
21122	27102
22735	25659
21201	27743
24286	26122
23010	25525
24295	25649
22524	29609
22593	29793
23302	27546
21880	29195
24256	26231
23665	26216
25399	29025
23673	27588
23199	25975
24088	28607
25181	28266
23628	29412
22825	27161
23435	25744
23159	29601
24362	25536
24650	29240
22703	26058
24543	27204
24834	29107
21217	28821
24661	29935
24322	26360
23406	28449
24252	26417
21438	28234
22571	27679
23533	28009
23070	26456
25388	25616
23819	26542
24395	27922
22491	25812
21200	28927
22996	29277
22873	26376
25096	26149
23668	26515
24288	28944
21914	26856
22323	28691
24851	28740
21760	26345
25122	28446
22062	28207
24878	27364
23000	26901
21845	25568
21918	25701
24450	26794
21680	28871
24572	28622
24298	28610
23978	28884
21211	27840
22940	26129
24064	26334
21989	29014
24306	27476
22259	25557
22698	27033
21848	28500
22697	29916
21166	25563
25116	26020
24879	28812
24377	26467
22989	28874
21945	28486
25265	27362
23365	26999
23105	26127
23039	28576
23281	26736
23703	28538
23585	26410
24733	28154
24523	25531
23635	26722
25195	29078
22267	29842
24908	27936
21643	29290
22016	28872
22196	26238
21370	28771
23368	29023
25287	28655
24987	26927
23891	28481
25241	27949
25431	25878
23951	26237
22101	27197
22906	28107
22979	29082
21289	28557
24158	26790
22622	27572
23807	26590
23747	28617
22280	29334
21228	27279
25188	29651
21053	29985
21900	26449
25191	29674
22816	28860
21356	26887
21687	28159
22588	26631
23169	26089
23173	26076
24667	26516
23805	27536
22839	28726
23940	28932
23754	27885
23196	28074
21935	27683
25103	26845
21806	28076
24509	28419
22662	26832
25462	26203
21442	25595
22572	26978
21928	25593
24695	28398
24580	26304
24576	28976
25135	29062
23134	29582
25137	29156
23537	26224
21901	26333
24009	26519
21144	28386
23728	29604
24468	27351
22496	27327
25435	29551
23444	29699
25436	26533
23581	29984
25014	28297
25176	26616
25168	28554
23939	28535
23217	29130
22474	25897
23188	29054
24921	27041
21323	29701
22628	27816
22774	29828
22405	27019
23049	27172
24238	25968
25042	29232
24597	28278
21787	26844
25057	26183
25323	29353
21415	26634
25364	29925
21847	28988
24197	26118
24280	27845
25289	25639
25256	27718
25115	27192
24850	29749
21920	28444
23147	29239
24067	27481
21504	29386
22741	29536
22799	25786
22765	26702
21366	27131
23215	27100
21167	26199
23809	26242
23959	26546
23866	27036
25346	25622
21227	29384
22441	29332
23618	26473
21493	26883
22701	26416
24718	25566
21371	26174
22285	25871
21772	26478
21039	26580
22450	26513
21783	29966
21844	28146
24849	27061
22986	26347
23657	27435
21683	27068
21939	26065
23584	26101
22353	29267
25036	27839
25267	29288
25470	29008
22228	26253
23986	29030
24216	26261
23843	27770
23284	29678
24605	29461
23346	27057
21423	28300
23023	26650
23860	28464
21169	26748
22508	28595
24824	26565
21906	29273
24864	25921
24899	28150
24264	27419
21014	29187
23470	28618
25328	27355
25398	27070
21969	26704
22516	28073
22769	28888
25375	27420
23156	28822
24735	28970
24269	29791
23650	28438
23232	26923
23391	29893
21072	28694
23804	29733
23071	26090
24270	25609
21592	27322
24687	28544
22563	27092
23894	28337
23031	26870
22479	28086
21792	26837
25423	28429
25460	27176
24547	29995
23361	28358
25038	28719
22050	26320
21525	26840
22752	26364
22863	27025
23128	26387
22505	29560
21750	25929
22747	26439
24534	29110
22298	29450
21759	26509
21898	29482
24770	29912
22759	26765
22371	27304
22043	26508
24935	27641
22102	26006
22562	26477
23856	27292
25414	27731
21417	28050
22120	28560
25415	28568
22803	25798
25385	26309
22039	26754
25411	27392
23638	28810
24149	29724
23567	25936
22960	27388
23993	28423
21587	26252
23622	26234
23711	28723
24560	27209
23610	28645
23847	29256
24121	28542
24059	26801
23851	29169
24671	26847
21330	25920
22074	29790
21037	26698
22660	26321
21091	25875
21495	29210
21101	29278
23236	29693
22089	28668
24796	28942
24622	29947
24691	29323
23793	29063
22402	26170
24727	28147
23334	26888
24591	28991
21569	28197
24842	29007
24703	27254
22696	29670
22262	28685
22061	29032
21959	27506
21109	29305
22372	29358
23242	29123
21815	28190
23954	27515
23246	29430
24716	27412
23456	28361
22400	27141
22352	25802
23345	28052
22936	29797
22755	29976
24096	25745
24904	26272
24461	25709
24038	28949
23005	27024
21186	26986
22553	27906
22079	29500
23808	29395
21449	26767
22206	29375
24707	27441
25358	27616
22838	29723
25444	28320
22248	27565
21394	27678
22924	29878
22619	28410
22140	27831
24275	29800
24250	28505
24918	28014
21871	28013
25032	29849
25255	28914
23782	27785
22370	26589
24251	25589
21424	26119
21409	25548
21335	26527
21000	27215
21804	28654
23363	28248
24456	28969
22366	28195
24226	25903
23197	28133
24445	28466
23311	28625
22396	29206
22736	25979
22215	27612
21234	26162
22288	29259
23137	27331
22289	28912
24337	28690
25347	27088
24578	26210
22176	26384
21819	27540
23595	25587
21348	25699
22865	26891
25420	29622
23963	27378
22559	28161
23643	25687
24809	29396
21358	26415
21410	28799
22991	26156
21519	27734
24089	26737
22716	29327
21591	29301
25027	26642
24192	28392
21327	29281
24698	26540
22902	29583
25272	28253
25315	26797
23873	28501
22930	29469
24094	29864
23260	28908
23958	28200
21221	26608
22937	26758
23350	27332
22712	28696
22020	26562
22929	26944
25419	27610
21322	26128
22283	28873
23487	26015
21183	25995
21124	29686
24476	27164
22596	27563
22510	26995
23861	25773
23559	28998
22507	25983
24486	26892
24144	28620
21811	29490
23945	25556
21641	26040
24812	27920
24003	29975
24146	26262
24569	27747
21333	29048
21821	27363
22329	27892
24212	25534
23619	26110
22882	28782
22065	26720
24369	28027
22558	25635
22552	26131
23294	28672
24465	26343
23314	27384
23129	26733
23326	25641
24034	27967
24800	29850
21568	29993
22985	29028
21896	26287
21248	26975
25054	27358
23943	29432
23094	28513
23228	27696
24900	25714
22397	25958
25239	26460
25107	26522
25386	28639
23596	29451
23277	27624
22053	27467
21719	26363
25056	27761
21671	27877
21256	27368
21645	29698
24891	27007
22109	26009
25456	29022
24510	27339
23092	28756
21082	27631
21203	25628
21406	28067
21422	28174
23216	27387
23171	28198
21903	27221
22256	27888
21947	28343
22602	29900
22158	26255
22153	25780
21544	26211
23927	28281
22240	28504
22492	25689
23214	28263
24872	26658
23916	27825
22052	28262
21275	27477
25100	27853
24147	29338
24234	27698
21797	28273
23131	29403
24170	29465
22255	25515
24884	27804
24928	26280
22349	28120
23325	28770
22681	29786
23745	28737
21724	28964
24564	25865
22105	27413
22246	27890
22477	26326
25144	26556
24792	26209
24126	27002
22753	29113
21355	26889
25495	28820
21627	29084
24705	28983
25187	29801
22440	27429
21376	27691
24356	28883
23926	29360
22584	27692
21595	25620
21253	29253
21905	27181
22845	26899
22912	27202
23886	29204
23482	29679
23659	29441
25104	29354
22234	26839
21716	26962
24786	28678
22613	27418
23517	28611
25318	26690
25357	26342
21869	26814
21157	26828
24336	26336
22731	29463
22734	27724
23353	26169
24053	27633
22592	25564
23347	25892
21301	28518
22243	29672
23734	29991
22466	28145
24723	28724
22432	28001
24601	29964
24972	28628
24932	29851
21164	26176
22651	29719
25450	26429
24020	27998
23449	28188
24767	27430
24470	26984
22411	28379
22568	25693
25066	29031
25280	28978
22748	26903
21049	29488
24292	29162
23384	28221
23432	28846
23009	27789
24007	28814
24233	27547
21774	28562
22809	29224
25051	26454
22955	28359
21387	29215
23472	26018
22520	25523
22009	28285
23706	29124
21599	29918
23885	28016
24957	28158
24654	28275
25225	28673
23241	27217
21135	26297
23730	28139
22855	27391
23651	26729
24628	29271
24469	26703
21874	26622
25351	29519
24277	28455
23362	26742
24955	29760
25319	26983
25304	28071
22236	29675
22528	25764
23569	28763
22214	28041
21626	29359
22254	26636
25037	25524
22860	29742
21975	28246
21375	29092
23712	26579
22428	26217
24783	28889
22483	27122
23018	29194
24732	28598
24751	26240
21007	29921
25476	29932
23133	25943
21551	25597
21038	26221
22983	26710
24594	28768
24640	27601
21648	29754
23408	25517
21196	27042
24307	29740
23630	27330
21580	26369
22918	26168
24444	25706
21391	27086
21966	27910
23830	26034
21249	26095
24168	29098
24026	26739
21897	29372
23462	29495
23468	29154
24775	29307
25025	26950
21516	27946
22811	26951
21148	29697
24076	29848
24854	27251
22843	29039
24408	28170
21983	29404
21737	25638
24714	26418
21842	28514
23890	28597
21180	26114
22715	28681
21310	26051
21756	26409
23412	27749
24494	26188
24612	28212
21534	27220
25007	29424
21064	28706
25148	29814
23545	27587
24104	26563
24154	25633
23474	26486
24366	29080
22046	27457
23410	26628
22306	27135
21160	27522
24637	26691
21552	27728
22610	26792
22868	29534
21531	29408
23502	29043
23393	28630
24027	29004
23775	25562
24299	27239
23045	29615
24254	26419
22792	28043
21408	26649
21892	28456
21816	28508
23884	28760
21566	27779
22829	25900
24112	26943
23763	25870
23290	28815
22130	29818
25457	26423
21550	27516
21660	29468
23195	29094
21477	27462
22984	27550
23042	25606
21140	25966
22710	26627
23457	29700
22278	26714
24665	29398
21514	27277
24313	25999
24516	26269
25185	27121
22964	25636
24349	25763
24451	26982
21882	27925
22629	29712
25151	29602
22518	27855
24365	25752
24898	29324
21618	29552
23896	28829
24066	26218
25015	27653
23902	25596
25292	28222
25279	29915
24472	25994
25125	25868
25003	27803
23262	26022
25237	27232
25101	27939
23871	26398
23800	28092
24399	26012
24122	26932
21697	28780
24753	28702
24629	28210
22537	27639
22926	29011
21489	27904
22579	29834
22443	29680
22637	28160
23858	26185
24562	28377
21318	25835
24266	27421
25005	25520
21623	28025
21661	28104
23115	26868
23746	26428
23507	27375
25480	28705
25205	29694
22103	28757
24816	28510
24085	25946
21666	27079
22175	28619
23201	27455
24103	27350
24193	28863
22944	27094
23308	27662
22841	26093
22067	25618
25327	27067
25254	26863
24180	28335
23981	29275
25338	29163
22410	26206
24982	28669
23686	26810
24815	26707
22565	25881
22213	27313
24463	27886
22116	29821
23268	26560
21170	29898
25394	26100
22151	27727
23011	29096
22512	29074
22931	26585
23504	25811
23390	25961
24340	25666
23067	28309
23526	26375
24156	27981
24970	29977
22245	29943
23041	29531
23704	27050
25203	27776
25482	28109
23732	28313
22481	29508
24708	26835
24426	25932
23176	27214
23448	28905
23557	28047
24799	27306
23434	26403
21279	28640
24062	29172
22142	29144
21798	25938
25076	26024
23371	25682
22031	25514
24188	25539
22848	28684
21581	28175
22058	28993
23661	28276
24979	27605
22014	29407
24169	29020
24118	26148
23121	25640
21257	28317
23649	25896
22618	26233
25250	27753
22789	29758
22975	28748
22263	27725
24925	29779
22646	25688
23826	26340
24110	28155
21770	29597
22110	27170
21131	25821
24422	25717
23267	29036
25242	26821
23122	28882
21154	29480
21354	28255
24956	29505
23748	26115
24464	25669
24240	27954
22804	25743
21965	28112
25443	26675
21382	28138
23486	28046
21616	27348
22028	27659
21325	29762
22170	29620
25264	28915
22141	27543
22850	29120
22013	28251
21395	29951
23996	28644
23936	26764
24525	29613
23953	29076
22464	27829
25329	27932
23914	25507
23248	26706
21958	25924
23697	27144
21884	27590
23553	26160
23751	27173
21235	27397
24478	25680
21478	29228
24249	28828
24142	29350
23623	25716
23154	29292
22274	28451
21312	26641
22910	25939
21676	28864
21152	28974
25461	26008
24625	27675
24331	25500
22322	25718
25230	27787
21820	27869
24355	25989
24550	28286
21843	27027
23979	25737
24744	27555
23120	25552
22465	25922
23701	27452
21209	26713
24339	27272
24593	25767
21187	29316
24037	29380
24244	27993
25376	27058
24776	26120
21430	26004
24176	27807
22350	28395
23948	28693
23453	29024
21695	28951
24823	27423
23720	25504
24498	27013
22427	27542
24061	29747
22711	28589
21736	28085
21826	27530
25352	28913
23671	27213
25310	27354
22388	29425
22600	25981
25099	28559
21172	26895
24856	29434
24133	28250
23132	27157
24853	28900
24243	28081
22115	27682
24554	26570
21475	29711
22415	29714
21982	25508
23516	26470
21614	25771
24901	26587
22071	26244
23189	28491
24493	26688
22485	27720
21026	29894
22165	29897
21954	25982
22108	26043
23336	28325
24162	29594
22201	26594
23946	28341
24586	28137
22409	27741
23416	28555
23187	29738
23923	27165
22460	27962
23593	25792
22676	29037
25489	27103
24414	25707
21883	26791
21051	27282
24734	28775
21260	27899
23893	25705
22418	27571
24041	28483
23982	25626
25224	28687
22321	25919
24701	26196
25284	29939
24435	27425
22853	25809
23912	27618
23968	27994
24042	27702
24044	26613
24596	25605
23521	29831
22408	27200
24442	27615
22459	29034
24548	27527
24016	26493
21262	26380
25479	27832
24861	26946
21535	26732
24334	27623
21043	29887
21103	26073
21632	25665
24748	26064
23033	28804
23388	27519
21128	26441
24821	27943
24873	27672
23761	26973
22673	27189
25208	28299
25469	28561
25251	26099
21096	28482
23499	25586
24459	28304
25143	25804
21115	27320
23875	29614
24477	26046
24224	27074
25448	27127
21817	26112
23172	28527
23165	27270
24971	26407
21511	26966
23106	27069
24120	29695
22426	29198
25068	27166
24210	27472
22896	26972
23035	28498
22284	29962
23985	25664
22147	27211
22544	27916
22445	28773
25334	28166
21146	27096
23029	27797
25261	29212
23398	27655
22308	29066
24228	27717
21586	25876
21129	25629
24230	27575
23824	28742
22971	26553
23026	28509
24223	27264
23917	28892
23617	26699
22392	26576
24927	26571
21182	26438
21855	28973
24924	27637
21549	27237
24696	27018
21949	28712
22005	26248
21859	29739
21308	26444
24087	28997
25128	27238
24373	29799
22685	28238
25064	27110
23550	25695
22126	26281
23186	29325
22337	26315
23352	25555
21259	26338
24412	26798
23682	27795
21526	25528
25023	26425
21708	28857
22818	29431
22793	28069
21564	27461
22064	28972
22542	28326
22244	27792
22919	29682
24040	27582
25119	26838
24049	28230
21765	27169
23655	28732
21881	29356
24131	27046
22469	27241
21567	28802
23191	29561
23046	27579
22903	25545
24074	27706
22556	28407
22794	28075
22167	29445
23888	26079
21751	28191
24790	29452
24196	28236
23882	26908
24001	25560
25266	26249
22805	29901
22723	27371
21361	28866
23142	26117
23385	28437
22378	28957
21776	29213
21962	28127
23001	25537
22290	27406
21686	27806
24682	25598
25297	26657
22136	28121
23074	29520
21706	26514
22068	26518
25106	29089
22499	26277
21656	26424
23014	29410
22037	26672
24033	29219
25283	29917
23839	26523
25166	29673
22223	27195
23627	25554
21223	26861
23299	25980
23693	25791
25286	26991
21667	26031
23339	28305
21628	28831
21304	29207
24200	28264
23513	29824
24642	26465
23652	27480
24765	27688
21195	25759
24514	28499
24681	29093
22375	25952
24057	27813
22849	28280
21851	26652
22171	29930
21291	28573
23223	29731
24155	29127
22252	27942
24526	26598
23231	28031
21218	26205
21801	28111
24436	29992
25465	29444
24989	29075
23099	28495
21941	29957
23100	29981
23932	28123
21028	28382
22072	29225
24129	27777
25446	25513
22881	26926
21123	28749
21693	29021
24119	28389
21809	25727
24773	27243
24645	25840
22250	27083
23721	29077
24318	26532
23898	26661
21092	26308
22063	29645
21964	25813
24713	25879
22442	29624
25049	26059
23810	29318
24717	29368
24976	28897
25333	29346
23719	27955
23511	26007
21782	29986
22990	28585
24319	26831
21696	29050
23224	29557
22332	29541
23395	28310
23270	26795
22143	26362
21326	26179
23044	27016
25393	29443
24805	26964
22788	28869
25471	27739
23832	25549
21889	26740
24931	28778
23991	27584
23609	25733
23760	29778
22639	26557
25072	29807
22977	25923
23261	28980
23370	26258
22717	26959
22529	29371
24353	28168
22742	27771
21251	29038
23547	29896
21071	29112
24857	29967
25464	27686
22211	29611
22705	28416
24825	26313
21988	27464
21467	25785
23102	26918
23452	29796
23423	28235
22956	27535
24726	28647
25417	26172
25308	29857
24236	28785
21008	26781
23318	28990
24947	29167
24680	27208
21446	28519
23205	25930
23906	27250
25127	28772
25302	26351
21899	25988
21472	28397
21505	26239
22877	29209
21579	29863
25395	28606
25169	27524
22796	26663
24317	27732
23616	29453
25039	28329
22183	29973
23149	29006
22022	27875
21142	29186
23529	29106
24378	28249
25047	25611
24912	28338
23360	27937
25363	26484
23052	25585
21777	26716
21094	26144
21622	27426
22107	29722
23251	29681
21554	26414
23724	26191
21499	27349
23145	26084
22674	26904
22312	27558
23857	27440
21725	28911
23863	27325
25063	27585
24283	29858
24019	29516
25006	27744
23464	27541
22019	28184
23425	26955
22714	26298
25170	28517
24761	26783
22114	27752
22713	27253
21978	25954
24871	27985
25182	26833
25177	27878
23445	28660
21067	29744
23249	27850
23235	29382
21773	29983
22997	26804
22480	27983
23118	26202
24379	29086
23905	27634
22607	28575
22631	26003
22973	28163
23929	29262
21126	28725
23240	27287
21528	27009
22185	29909
23699	29203
21264	26005
21987	27757
21295	28119
22001	29148
22191	28963
23825	29870
25010	28688
22070	29603
22178	28035
22169	25760
24423	29879
25474	29392
25253	26471
21657	29741
24843	25551
21952	26971
23852	28430
25290	27084
23694	25950
23313	28289
21282	27315
21487	27918
21080	29775
23664	27140
24621	26053
25270	29035
21981	29303
22007	27191
21784	28886
23787	25956
23535	28176
24973	29687
23017	25893
24082	27644
24260	29781
25354	27492
21439	28574
25343	28689
21682	29147
22724	27005
24239	28629
23629	29083
21010	29923
24508	28117
21125	29200
24806	28364
24011	27824
23527	28214
23910	28851
22457	27188
24500	27903
24083	26257
25016	28531
23328	29114
22277	26036
21176	25719
23795	28274
22585	28648
23077	28906
25317	26724
25463	29302
23409	26303
22647	26254
24415	28786
21032	29746
24332	25779
21321	29364
24963	29117
21932	29820
23972	27240
21785	27632
23846	25742
24889	26153
23514	28798
25356	27598
23934	27153
24150	29284
25430	26693
25441	29810
24740	27796
23792	28474
24542	28314
25488	28431
21663	27525
25277	27914
22394	27098
21427	27671
22745	26637
22194	27376
21399	29487
23576	28776
23483	26097
24811	29193
22669	25990
21017	29295
22276	26155
24098	29165
23096	27137
21300	27297
22744	28849
24524	29600
22128	29945
25409	25643
23957	27500
23226	29244
21995	29751
21386	27151
21494	27872
22844	26756
23030	29527
23374	27971
22599	26145
21992	28887
21208	26461
24485	26648
22546	26374
23634	26236
23135	27335
24885	28586
22817	25967
24961	28594
23036	27507
24659	27773
24114	26274
24794	28177
21095	29556
24807	27859
22096	29576
21940	26476
23714	25911
23333	25810
23666	26915
25002	26741
22756	29005
23565	25651
23113	27670
21456	28511
21752	27762
25429	27848
21268	25801
21742	28788
23461	27073
21297	25576
23840	28296
22439	26799
24573	26267
23279	28961
21496	28838
24923	29436
22155	27619
23369	28896
24058	27917
22514	27651
24983	29726
23520	25656
25059	29612
24341	27008
24303	26670
24711	26067
22859	27411
24839	28346
24561	27707
23054	29044
21133	26373
22193	29537
23571	28151
22757	29214
21723	29623
22217	26314
21320	29659
24205	28975
21805	27628
23648	26958
25274	26265
23736	26643
25262	25755
24916	25721
21267	25885
25312	28015
23340	28565
24689	26451
21778	29588
23779	28916
21284	25676
22066	29911
23677	26879
21597	28567
23068	25501
22431	29725
24257	26000
23542	29427
24615	28839
22725	27748
22611	28865
22434	29085
23389	26230
23570	28469
23459	25538
23372	29637
22564	28132
21097	28923
22526	28933
23427	25530
23471	25546
21141	28958
25459	27977
25126	26913
21232	28653
23183	25692
25207	26617
22152	28496
22590	26635
22581	27409
22682	28836
25311	26489
25371	29750
22090	28729
22808	26436
23283	28463
25214	26660
21292	27156
24964	26800
22603	27580
