21190	28651
25348	29160
22325	25904
24118	26122
21371	29501
25018	27314
25270	26999
24264	27653
22636	28635
25313	29018
24953	26768
24832	29735
21700	28156
24681	29508
22297	27290
24549	29967
24993	28358
23970	25625
25245	26497
21219	27192
23923	27581
25467	26689
22624	27629
24441	27070
23498	26370
21233	29370
21353	27899
23840	27932
22374	26886
24522	26941
21078	29129
22192	29678
22256	26953
21619	26384
22966	27744
21504	28422
21526	29760
21335	28979
22593	27820
22532	28806
24491	29661
22666	28149
24820	29104
21053	29171
23410	29279
23187	28658
24561	27304
23009	27363
22649	29037
21924	26587
21816	28739
21121	28706
24442	28308
21349	27839
22352	28200
22379	28768
21620	26493
24356	26435
21829	27872
23821	29666
24142	27584
25202	29376
25441	27067
23102	26669
23532	27061
21308	27613
24128	28013
23545	25793
22850	27068
24635	28639
22109	27279
22151	25992
21519	28371
23639	28793
25172	28041
25455	28291
21490	26978
24523	27326
25496	29558
25094	27114
22383	27137
23006	27187
22286	27375
24324	27002
21201	27281
25083	27008
22019	28143
25488	25746
23904	25800
24303	28361
23799	28621
24747	29165
22104	28110
21741	27589
24171	25912
24213	28704
23202	26585
23042	28832
25143	29933
22790	28003
21345	25756
22831	26813
23635	28968
21261	28818
22580	26121
25422	28559
22077	28642
23442	27608
22736	27432
22990	29229
23392	29081
21640	27113
23750	29319
25158	27763
21340	27611
23245	28094
22009	29615
22771	28789
21506	27411
23519	27284
22353	28593
25312	29221
21265	29799
23924	26343
24802	25596
21225	28088
25174	29712
23568	28311
24071	27453
24259	25585
23507	25559
24411	26778
24267	27324
24434	26709
22411	29609
24938	29363
23938	27496
23929	29783
22804	29987
22142	28476
25317	27866
22426	27504
24700	25942
23651	27887
22454	29999
23323	27135
21541	26092
25050	26184
21408	26068
21933	26459
22899	27203
25314	25824
21653	29680
21762	26305
24924	26864
25137	28800
22740	29742
22922	28776
24985	26040
22839	29097
22912	29548
22472	25516
21482	26270
21496	27083
22651	29647
23200	25539
23956	28368
23316	25901
21665	26545
24587	27475
24342	28652
23449	26959
22669	27591
21780	29953
21907	27139
24339	27930
22375	27462
21783	28940
25349	28998
25240	28328
24844	25667
22683	28126
24291	27329
21150	27739
23726	25586
24644	29969
24600	26538
21323	25711
22174	28253
23538	25683
24722	28369
21360	25639
22977	28055
24888	26518
23850	27377
25315	29038
22785	28448
21667	25849
23389	29667
22560	27155
22774	26431
25365	27911
21060	27138
22676	26262
24197	26412
24082	27579
24038	25759
23623	29420
21359	28835
25198	26132
22027	28060
23023	28745
25267	28753
25040	28298
24345	29966
23584	29976
25133	27849
24113	29435
21677	27826
24661	29676
23893	26808
24028	26104
24836	27776
21145	26931
23560	29027
23933	28897
22515	27307
23944	26586
24272	28772
21364	29290
22587	25537
25473	27685
23596	26731
25264	28749
23262	28878
22913	29187
22641	25820
21463	25762
22616	27651
24621	27468
23156	28425
25066	27996
24594	29556
23304	26103
22000	27472
24706	26711
25358	28542
24428	29963
21281	29006
24398	26417
25402	29746
21406	29321
21226	27729
24439	28460
23940	28074
22294	25569
23714	26293
22386	28493
23280	29228
25443	26911
21072	29040
24736	25976
23865	27814
22729	26123
21915	29164
21877	28286
22784	25968
24565	27149
24344	29573
22341	27012
23251	28839
22059	27559
21184	29493
24086	28562
24446	28852
22971	28261
21547	29412
24489	28205
24413	27328
22929	28550
21599	27379
22430	29641
23026	28555
23293	28791
23218	28922
24748	25672
21239	27607
22911	27830
23823	27494
23092	26591
24232	28930
25196	28803
24572	27361
23003	28545
24036	27788
21298	26897
21469	27395
21655	29648
22227	27570
22412	28578
22384	25887
22549	27407
22802	29282
23997	27014
21586	26741
24208	26944
25468	26620
22368	29951
22490	27354
23622	26522
25190	26510
25273	25582
24514	26710
23601	29674
23534	27129
21627	28769
25260	27225
24712	28166
22852	27837
24506	28267
22213	27533
24204	26582
23489	25921
24136	26869
22402	28414
22371	29375
21475	27710
21736	28811
24586	27028
24812	29294
25259	28611
21895	28933
25070	25916
21112	27302
24989	29730
23241	27122
21077	26449
22017	29884
22775	26035
23820	26980
21122	28804
23455	25729
22460	28275
21131	25923
21248	26155
21756	28303
24407	29005
21921	29107
24801	28910
21550	26555
23484	26693
23215	27267
24751	25991
24796	26465
24509	26560
21969	28530
24603	29903
24654	26381
24229	27806
22727	27989
22237	29329
22284	29454
25186	27364
23686	28247
22948	25597
21664	27609
21569	29125
21148	26129
22692	26592
24935	27041
25495	29700
22466	29880
22805	27447
22029	25798
24986	27248
22078	28241
22688	26366
24298	28615
22798	29253
21750	29296
25344	27909
21825	29516
23096	27816
23624	29864
22030	25956
24397	28317
22055	28315
23470	26056
22049	29635
22117	25982
21784	27565
22149	26197
24606	26639
22022	28078
24275	25940
24285	27337
23619	28197
23254	28276
22060	29941
22456	29106
25387	26297
21841	26013
21161	29466
21155	26640
22033	28437
23355	25966
22756	28822
23739	27868
22201	26165
21811	28702
25166	27817
23124	26499
23864	28630
22935	25774
22823	29255
24040	28975
23282	25856
21728	25987
24406	26089
23420	26887
22250	25862
24527	27489
21861	27783
23103	29453
22278	28008
25351	26164
24121	27374
22544	29154
21807	27109
21947	29780
24807	27865
21318	28534
24916	27714
22520	28279
23920	29141
25483	26011
22586	26986
23427	26715
25195	25536
21720	29472
24788	28677
21939	29577
22439	25751
24354	27898
25014	26619
24217	26377
21193	25853
23258	29210
23896	26248
22434	28919
23244	27003
24868	26548
21442	28170
22662	27972
25476	28097
25494	27450
24130	28462
25004	29470
24057	25533
24219	26569
23897	26074
21299	28925
24443	29217
21790	29907
25380	29873
23502	28220
23090	27530
21103	28133
23120	26134
22700	27796
22231	26159
24834	28718
21355	27522
22543	29050
21865	27637
25329	25891
22069	27811
22568	28300
23011	26781
21944	29985
21981	25674
21515	26346
24583	29964
21774	28967
22252	27999
24013	25919
25452	25997
23287	25633
24483	26464
24704	25870
21128	27085
22969	26624
24867	27024
21853	28464
25475	27861
21952	28430
22936	26325
22441	29705
22614	26566
22235	29748
25063	29295
21317	26496
23253	26308
25000	28830
24723	26743
23436	29043
22348	29640
22778	27348
22043	27005
22172	28551
24205	27410
21740	29285
21553	28024
25096	28405
25206	28514
24191	28263
21271	28403
24248	29770
24978	26622
25409	28993
21149	25521
24283	27823
22465	29288
23678	26084
24828	29762
23661	29513
24355	28036
21518	25508
22176	28486
25497	28529
23946	26511
22960	25958
23490	25627
23384	29561
21524	25794
21916	28958
25016	25573
22221	28314
24486	28105
23782	27725
22781	27997
22419	28069
21243	29373
23880	29706
23851	29815
22675	29787
21354	26667
22021	29042
23554	27993
24137	27019
24738	28515
22222	27234
23674	28138
24051	29744
24424	26844
21545	28792
23264	26805
22559	29919
23564	25796
23463	27444
24287	27780
25056	28727
22076	29457
22197	27818
24127	26190
23784	26244
23326	27498
24476	28996
22328	28504
21733	27100
23863	28472
24817	26005
23581	26504
24658	28010
21557	29002
23312	29044
22684	29846
24262	25620
22118	28384
22540	27931
21858	26867
21968	28457
24481	25847
23208	26748
23718	29582
21339	29114
21232	27121
24537	27330
24361	27484
24907	29100
23654	28638
24416	28762
24705	27680
22557	27495
24221	26409
21580	26670
21577	26837
21227	27690
23116	26145
22574	26495
21925	29920
21623	28148
22606	26447
21978	27845
21680	27855
22579	26070
23067	27967
25110	26239
23861	27075
23068	29076
23217	29972
24945	25518
23411	28669
22448	27718
23035	28370
25290	28927
22357	27906
25331	26852
21030	25610
23001	29879
24646	27380
24472	29728
23737	28012
25303	28554
24793	26015
24745	27355
24512	29698
21820	27001
21532	29449
23063	26933
22035	27500
21247	28132
24139	28366
22868	29525
21276	29447
22219	26659
21400	25900
22537	28864
22813	28208
21160	29835
23857	25839
25197	27943
21902	27771
23885	25946
21585	28957
23753	29575
24958	29631
21249	26427
24513	28260
22007	25670
24864	25609
21082	26812
25049	27965
21322	26939
21304	28643
22468	29390
25431	29301
21514	25703
21213	29049
23761	28744
23230	27573
22425	28866
24515	26168
22403	29053
23626	25852
25401	29203
24207	29427
21272	28481
22640	29750
25184	27054
21777	27929
21001	29776
21707	27140
23393	25558
24686	26722
23552	27787
22542	25951
22377	27272
24532	27843
24503	26194
25087	29840
22279	27916
23396	26756
24063	28936
24318	27516
23344	25947
23295	27092
21920	26196
23205	28062
22306	26720
23500	29315
21732	28135
22665	28357
25134	29876
23780	26211
22806	26611
23479	27510
22556	26793
22658	28646
25153	29239
22516	26214
23435	26380
22679	25848
22716	28221
21196	27158
23020	25805
23163	28553
23913	25678
24624	26872
22314	29844
22769	29715
21936	26975
24083	25868
24810	26142
22584	27952
21631	29121
24162	28408
21643	29786
22244	25730
23074	26665
24432	29000
23151	26578
23598	25783
21305	27426
25154	26221
24159	27116
22270	25707
23401	26271
22141	28181
21890	26279
25054	28015
22254	28394
21480	28351
21194	29439
21650	28884
22224	26183
21559	28908
24054	28574
24178	29507
24373	28955
24785	27151
23910	27239
24641	26198
22732	27111
24025	28397
22564	27119
23774	27320
23188	29149
21781	29550
23290	25541
24902	29139
22300	27988
21460	26210
22569	26991
25131	27023
24482	27285
23356	27682
21702	28458
21342	27183
23848	26573
21185	29017
23694	29380
22016	28813
24889	27144
22946	25840
23076	26359
23260	26634
23570	26973
23981	27406
23395	29683
23594	29527
24155	26277
22249	28079
24709	29443
22657	26220
23368	25765
24596	29830
25479	25873
25297	28862
23040	27630
22396	26289
25114	29621
25334	28086
23492	26295
23636	26932
22883	26033
21197	27681
24627	26798
23806	28918
24059	28840
22918	28732
21745	26081
24928	29045
22273	27676
25274	25504
24402	25814
24426	28338
21595	26565
23755	28421
24179	28597
25192	26060
21979	29782
21418	28787
23152	25606
21768	29192
24936	26542
24048	26704
23833	28920
25407	27474
23987	29437
21154	28836
21710	26660
23620	25687
23201	27552
22182	28428
22816	26331
23335	26562
21716	25745
22042	28528
21357	25531
23758	26546
25382	26787
22594	29428
22607	26717
22160	26265
24988	25869
23302	27550
21172	26563
22255	29182
24035	29473
24192	26247
24631	27446
24226	26357
24651	29671
22089	27708
24153	26052
24144	27827
25436	25634
21516	27995
24533	26016
21842	27093
23801	26983
23831	25876
21413	28692
21309	29140
21910	29777
24353	26760
21222	29789
23615	28310
24823	28585
21882	29126
23059	26054
25265	29524
23788	26202
25001	27525
21926	27792
24816	28634
24456	25768
25356	27270
21156	28470
21138	28986
21212	29216
24073	25721
23305	25708
23523	26968
25437	29031
22315	27832
22041	27357
22324	29111
23950	28505
24595	26516
21746	28872
24526	26086
21583	25549
21097	26135
22440	25859
22283	26750
24236	25605
21041	28287
23446	26883
22739	26148
22345	26212
22312	26588
24110	28624
22424	28122
21471	27634
23767	25881
24009	26752
25086	28474
24611	29108
21163	28599
22678	27029
24126	27878
22203	27709
23338	28272
21021	26306
23073	26609
24160	29352
24893	27339
21251	28121
22393	28372
23608	28049
23336	28107
22232	28935
22304	28482
23722	29578
21105	29775
21802	27712
23631	29660
23309	27663
22025	27110
21441	27777
21682	28973
21260	28741
22153	29960
24570	29364
24202	29153
23706	26816
22592	25503
24382	25662
23165	28127
24469	27388
24067	26907
21603	28890
25041	27697
22073	28001
22674	26972
21793	29258
21431	28117
21942	28378
22609	27063
21381	25880
24157	29089
21396	29945
25142	26017
21240	29733
23882	28581
24419	29739
24492	26189
22538	29013
24357	27422
24917	26652
23024	29539
21679	27679
22188	29461
22034	25636
22092	27200
21699	29713
24502	26285
21813	29291
23556	27403
23646	28969
21654	28321
21869	29275
21552	28154
23382	28160
21565	28341
22667	29669
22238	28544
21625	28164
21836	29344
22620	26383
23106	28665
25293	27605
22625	27309
21555	26706
23643	28797
22080	29645
24841	26282
24301	28962
24445	27401
21135	26215
23934	27752
24780	29900
24821	26753
22858	26739
22821	29878
24315	29237
21505	26023
24026	25845
24335	29225
25306	27755
21464	25925
23327	29215
24931	26644
22622	29862
24516	25643
22726	28602
24703	28819
24107	27042
22906	25734
23465	26503
22888	29745
24391	26426
24327	26454
21056	26716
23483	29124
22970	27243
21870	27696
23374	25715
22619	27338
25117	25841
22895	26076
24448	27512
24589	29595
22628	28773
23370	27520
22167	29191
24692	26175
23693	29901
24954	28697
23491	27089
25353	28778
21671	28189
23565	27368
25020	29533
25009	27762
24334	28867
24680	29381
24193	28508
24620	26831
21904	27684
22627	29591
22635	27108
24911	29754
21887	29223
24874	26856
22186	25603
24280	27000
24584	28670
24604	26090
22512	27745
25249	29151
24331	28783
22272	27261
23044	27548
21189	29481
24838	29463
25300	28507
21139	26300
22978	26955
25048	27352
23499	29347
23122	29511
23814	29113
24225	29872
22680	25714
23705	25630
21195	28575
23638	27044
22656	26216
22981	29939
22006	28691
22897	28445
24392	28449
21220	27214
24467	26492
22119	27657
23167	26575
23178	29535
23404	29451
24933	29310
23321	26348
21507	28637
22388	26746
22865	28877
22329	27303
22695	26263
24431	27479
23604	29230
25227	28087
23673	26876
23887	25589
23231	28795
23143	27735
22072	25944
24405	28942
25384	27439
21786	28005
21976	26629
23681	26682
22433	25823
23236	27575
24084	29357
23197	28106
24134	29074
24652	29281
23573	27026
23781	25688
22318	26851
21697	27226
22853	25748
23248	28980
22497	26027
24511	25795
21965	26361
23033	29816
23036	26460
21785	25611
23918	29166
23450	29696
22788	28541
23324	27088
22862	26303
22789	26218
22446	26843
22634	26391
24582	28065
24677	25580
24581	27891
24831	27133
24539	27603
24249	28112
23358	27004
23968	25663
21058	27276
25171	27800
23477	28781
23173	27734
23314	27757
22107	28280
23366	28067
21622	29925
21681	28680
24578	29581
22097	25588
21905	27208
23677	28416
22928	27719
25396	25744
23233	27577
23041	29720
24252	25863
23506	27387
21886	26151
24734	25564
21528	27228
24619	27748
21270	26128
23935	27350
25145	27574
24360	28713
22476	29440
25459	28264
21462	27223
21111	28167
22861	28419
24239	28664
21747	29072
24853	26450
24865	28301
22577	27095
21428	26397
21872	27271
23871	28326
21804	29252
25111	29289
23399	25530
23952	28987
24922	29673
21416	26276
24829	26003
21436	26078
22461	28596
22724	29322
22525	27950
25035	29626
24625	26356
21809	27502
24112	28283
21909	29763
21388	29483
23870	26544
22299	28217
22932	27511
21718	25653
24648	27499
24340	28246
21403	27858
24100	28657
24218	29944
25073	27733
22863	28675
22342	29366
24138	29865
24412	26757
21574	29512
24593	28469
22385	25928
21996	29543
22198	28954
24081	29947
22218	27167
23734	26354
22832	26930
22108	28889
24328	28879
24095	27418
21540	27025
21386	29785
22012	29992
23039	29771
22889	25524
21922	27632
24478	27766
21143	27101
24007	28688
22220	26605
23818	28411
23530	29243
21169	25719
23340	25825
23879	29905
24731	26124
25205	26594
24979	26822
25425	28981
23936	26646
25373	27227
24895	26388
21940	27386
23296	29264
22044	25830
25074	26610
21338	29185
22053	28808
21470	28413
23222	26655
23027	29051
24154	29204
21389	27424
21863	27655
23080	28671
22242	29726
21434	28601
21426	28779
22066	29039
25107	27222
21955	28891
22973	25693
22761	26606
23894	27124
23916	28807
23350	26877
22801	27862
25333	29183
22239	27841
23740	28180
21624	26031
21439	26525
23265	27064
24760	26487
21684	29374
23963	29326
21377	28134
24839	26694
25328	29557
23667	26260
22705	28202
24878	28512
23429	29989
23071	28400
24529	28857
25103	27123
22408	25640
22428	25646
23648	27142
23585	25972
21880	29877
21326	27118
22083	26977
21956	26367
24643	29918
25068	29460
25302	25988
22741	28072
22963	27056
23703	27154
24942	26615
21850	27255
24636	27305
23397	29343
25119	29418
21990	28911
24284	27990
23443	29341
24006	25529
22262	27066
24308	27246
24659	26913
21119	29563
24773	27631
23440	27478
23405	25743
21589	29825
22720	29372
25106	27665
21279	25718
24364	27583
22086	26201
21935	26119
21395	28325
21913	25665
23364	28626
25416	29266
25019	26529
22953	29432
21321	27773
24231	28025
24091	27392
24224	25861
21791	25777
23984	29184
22031	28539
22394	28570
21429	25577
22710	28631
22052	26062
25447	27452
25160	28526
24815	25778
21928	29353
21731	27421
23937	26742
24497	26407
21738	25995
25077	26967
22451	27782
24435	28666
21393	25854
25045	26174
21071	26827
23687	27807
24814	28453
22987	28995
21267	27402
22621	26971
24199	29489
25025	28163
22373	29082
21002	29946
22140	29555
21051	29588
24642	28509
25033	28716
24049	27376
24937	29101
21617	28511
23657	25994
21765	28193
21760	28613
23174	29497
23045	25961
21982	27143
21177	27625
21004	26726
25021	29176
21859	29382
22777	29738
24850	26330
23666	25964
21570	25540
21328	27602
23582	25574
23911	25857
21730	27677
24799	28614
24020	27834
21726	25930
23482	26352
21751	26161
22545	25592
21692	29300
21635	26488
23815	26824
23121	29156
23377	26767
23860	27903
21675	28823
23108	28090
22762	26208
21608	28760
24024	26079
22755	26498
25139	29601
22390	27340
21286	28952
25159	26429
25458	29096
23198	27346
23111	27949
21027	26041
21579	28723
21410	27082
24152	29521
23511	26908
24737	27416
22600	29212
23926	29063
21107	26899
24294	27585
24758	28028
21424	27610
23752	27790
25470	26961
23098	28108
22959	27131
25377	29545
21814	28523
22757	25782
25354	28489
22265	26344
21875	25945
23723	27688
22088	28971
25155	29611
23204	27445
25368	29854
21387	29146
21038	27080
23273	29974
22054	27957
22896	27030
23730	28073
22447	27534
23925	25808
22455	25962
24452	29272
21301	29571
21091	29624
23760	28690
21621	29532
21476	28949
22404	26085
24056	26765
21350	29003
23867	27555
21984	28673
21854	27535
23084	27191
22333	28750
23467	25517
24952	26920
24501	27201
24892	26718
21894	26648
21884	26695
23263	27945
22920	29636
25212	28093
21827	29749
22901	25844
21259	27073
22985	28171
22728	25933
21346	28636
24010	26909
23606	27232
21310	28861
23810	29929
21124	28147
21075	29950
24270	26478
24233	27650
21606	26034
24754	29593
22331	28441
23776	29211
25477	27383
23038	29208
21644	25915
21611	27768
24883	26839
22179	28333
25367	28607
23402	27189
25301	26705
25053	27551
22458	25838
24996	26697
22860	29092
21520	25654
25187	28496
22067	26535
22591	26801
23430	26456
25057	29132
21409	29482
21009	27644
24805	25775
25188	25567
23357	27317
22115	27541
21362	25697
23548	25803
24212	27813
21782	28387
21366	28734
21273	28035
24085	29620
24000	26424
24371	27230
24374	26139
25378	25828
24772	28842
24458	28141
23727	29597
25095	28218
22147	26807
23286	26028
22958	28684
23735	25875
21130	29103
22365	27647
24174	29586
21511	29227
21510	29396
22309	28177
23733	27220
22414	26556
24999	28452
23107	26371
25221	26213
22735	29788
23909	27072
22548	28826
21759	27194
22663	29860
24662	29318
21851	27919
25023	27639
25498	27907
23974	26131
22437	28330
24977	27509
21352	26224
24730	28887
23610	28340
23012	25615
24929	26515
22747	28233
21792	29714
24211	29434
23281	28743
23721	28096
22794	25773
23588	28904
23505	25952
22130	26970
23642	28876
23559	26770
25204	29478
23575	29568
23862	27572
21066	26112
23005	26921
25446	26173
21365	27889
21992	27427
24806	27956
21407	28382
24099	29716
22091	29405
21899	29845
21453	27622
25146	29316
22691	25953
25144	29928
23306	28409
22870	27791
25456	27301
22842	28809
22881	27132
25031	27287
23827	25957
25104	27033
22485	26863
23992	26964
22200	27586
24422	26714
21433	26181
22859	26854
23716	27274
23905	26789
25489	27863
21985	29961
23021	28492
21554	29808
25454	26549
23826	28211
24597	28249
23742	26654
21748	29356
22168	26673
22288	27224
22269	26841
22364	29355
22503	27803
22686	27940
23844	27736
22366	26291
23461	29570
23719	27481
22530	26048
22972	25971
24141	28928
25399	26934
25325	29190
24330	25652
21637	29403
25391	26038
24671	29881
24842	26540
24566	26948
21320	29695
25376	27011
23769	25684
25482	28843
22807	28258
21188	27705
22063	28694
23266	26763
25271	25769
24050	29302
24732	28386
22494	27588
22397	26708
24258	27636
24824	29526
21113	26468
21467	29475
23171	28379
25169	28418
25277	27216
21044	29861
22886	26242
24464	27562
21673	29464
21069	26956
24123	26171
21427	28002
23391	29388
25434	29314
21147	29608
21711	26439
22715	27010
24288	27258
23428	26925
24906	26917
22689	27962
24778	26490
24763	28775
21374	26438
23375	27062
25101	28565
25492	27199
24255	27312
24726	25555
25105	28320
24849	27141
22687	29885
21380	27094
22718	26109
22884	29348
24276	29654
22601	27693
23993	29795
24585	25657
23514	26617
22336	29020
24966	28654
22787	26990
25428	26284
21503	26965
23119	26046
22779	28239
24525	27743
23441	28939
21874	28686
25132	27808
25278	28617
22122	28560
23332	26376
23671	28693
22478	25874
23313	29711
24090	28485
22914	28997
24269	26057
22004	28113
22152	29867
25408	27720
25113	26111
21878	28054
21530	29235
23319	27378
22709	29351
22380	28497
23211	28766
23907	28039
25194	25764
21237	26723
25136	27398
25309	27554
21941	26410
24300	25858
24568	29528
24222	27050
22467	25950
24696	29054
21499	25978
24590	26607
24875	26312
22065	27924
24370	29177
21385	27761
21663	27315
23931	28873
23612	27236
23917	27443
23672	29284
22355	27249
23093	27112
25099	25528
23418	29883
24669	25829
21486	26418
21828	29130
24033	28659
22443	29630
22873	25938
21230	26177
24322	26425
25081	25871
25469	26871
24453	26814
23982	26674
21026	27146
23710	27157
22247	29522
22079	27645
24967	26893
25381	28212
24490	27538
24574	28376
21592	26521
22991	26888
23888	29336
23010	26583
23757	27454
25238	26838
21849	26316
22814	29997
24145	29926
21630	28566
23351	29818
24811	28206
21063	29205
21438	25608
23754	28788
21132	27493
24774	29098
21468	28433
24543	27604
24455	26237
24855	26603
23049	26317
22330	29552
21092	26363
21477	28467
23613	26829
21546	26095
21715	25979
21674	26506
24343	29769
24764	28627
23886	29975
23586	26524
23647	27040
22921	25772
22181	29604
25429	28440
24106	29502
21647	27389
24399	26320
22199	28345
24124	29317
22930	29689
22820	29135
22993	27037
23795	27969
24077	25705
22501	29892
23546	27566
23381	28622
21743	27900
25118	26950
23037	28976
21394	29206
23675	25677
25423	25509
22878	26470
24241	28661
21466	28748
23707	26072
23717	26102
23715	26207
22417	27293
23930	29254
23130	26088
23291	25740
22064	28667
24639	27323
22158	25717
21919	29584
21000	29145
22551	29686
23125	27726
24665	29433
22423	26635
23028	29793
22479	26158
22261	26658
25298	25742
21125	28216
21573	25894
21812	26106
24599	25720
25185	26645
23345	27370
22949	29779
22518	26960
23476	28758
22655	25885
24363	25616
22583	28431
25220	29408
24440	29505
23979	26901
23989	27436
24041	29429
21951	27870
23618	29102
22459	26049
25272	27333
23914	27722
24794	26826
21238	27687
21266	29895
24913	27778
22513	29809
22982	29492
23798	29541
23809	27920
24060	27819
24558	28735
25003	27211
21656	28070
21794	25927
21522	26379
22763	27327
25324	28532
21612	29707
25292	27405
22707	26847
25011	29133
22597	28420
21761	27390
22014	27045
21757	27115
24061	27322
24400	25752
21567	25826
24910	29886
25310	27318
21787	29362
22212	26631
23193	29299
22292	29391
23515	26416
25359	27084
22590	26884
22874	28016
22061	28870
25008	29446
23361	26730
22264	26467
24927	28284
21129	29761
21689	26724
24403	28396
22266	28292
24554	29658
21159	28751
24969	26862
23988	26865
23859	27159
21258	28435
21739	26138
21584	27404
24970	28343
24166	29542
23456	26649
23895	28988
24858	26437
23856	26890
25279	29599
23162	26653
21452	28329
24027	28102
24728	26795
23155	26230
24955	27341
24666	28468
24755	27345
23664	26885
23659	28588
21405	26143
21613	27864
23521	28710
21734	25698
24295	29856
21937	26773
22169	28423
23741	27825
21081	26396
23749	27812
24438	27204
22892	27176
23052	28761
21104	29094
24871	26974
21217	26989
25218	26802
24256	27455
23998	26799
22303	27365
21704	29602
22103	26997
22123	27617
24629	29325
24724	27877
24180	27397
21015	27874
22764	28580
23649	26420
23576	29791
21151	26500
23800	29333
22075	27567
22462	29932
22626	28983
23299	28348
25047	26091
22866	29078
21425	27593
21658	26227
21534	28443
21064	26309
22617	28042
23768	28131
25246	25520
24520	27233
23017	29682
25061	28582
23147	28880
24271	27180
22251	26584
24368	27531
23684	29392
25015	27894
23770	27077
24498	28098
25343	27913
24104	26532
22413	25547
22654	25908
22206	28524
21133	29163
22289	29753
22421	29837
24827	26528
23807	26469
21698	29452
24097	29737
25228	26006
21930	25741
25002	26608
23494	27212
24897	26077
22673	27856
23100	28763
22316	29931
25060	29988
25211	26641
22596	28223
21421	29625
24992	26414
23474	25692
23426	29014
23369	28498
23685	26007
22848	25602
21964	28103
25036	26313
22114	29616
23060	28966
25463	27801
22558	26115
21676	28892
22096	27822
24564	29622
21562	26507
21971	27280
23475	27165
22974	26205
22698	29150
25058	28184
25201	28916
22183	25884
24683	26828
22110	29297
24023	29378
24947	27794
24804	29509
21253	29959
24676	29398
21137	26051
23522	25642
23805	25792
24393	26169
23832	28322
21903	28714
22442	29692
24531	29335
24757	28869
22216	28850
24206	25909
22305	26985
24132	27231
24216	29181
25486	27521
21358	27881
25090	26299
24488	25506
25350	25899
22482	28569
24230	26601
23170	29942
24835	27252
21548	28757
21254	26792
22334	26576
22194	29665
22492	29032
22071	29908
22812	28501
21527	28663
23352	28111
21016	26623
21959	27528
23627	26413
21192	26982
23803	27767
21440	28901
23159	25959
24618	25867
25213	29823
23055	29890
21588	27218
24744	27020
22427	29681
22132	26882
24771	25843
21708	28961
24425	26444
23697	29982
24608	28373
22933	25969
21578	27592
23439	28989
23959	29504
22644	26472
22524	27835
21533	29120
25490	29450
22704	27563
21860	27170
21182	29001
21234	25760
23065	28306
24707	27356
21535	27461
25444	29425
21062	28318
21040	26699
22037	29980
25207	28790
22531	27620
21061	26987
23329	29041
22864	25850
24863	26253
24473	28071
24957	27659
24387	29087
21173	29484
23720	28161
22129	25631
21538	26954
23062	26358
23817	28185
21202	29510
24005	25576
23695	26421
22246	29940
22915	27286
22438	25584
22131	28480
22642	25591
21525	29487
22523	29339
22263	27476
22307	28471
24766	26187
24058	27666
21531	28841
21883	26250
21771	27015
22491	26267
24617	28970
24960	28522
21242	28426
24305	29902
22431	28794
24623	29618
23682	28589
23744	28123
21174	27738
23625	26020
23501	28913
23297	29311
25079	26375
22410	26744
24691	25872
24462	26713
23138	26342
21162	25780
22464	25587
24699	26861
24861	27296
22534	29766
25330	26288
23298	28992
24708	28712
24312	28316
23629	29709
21034	25713
24941	26405
24819	29128
22668	26754
22036	29896
21171	29068
22737	29986
23669	29697
23663	28129
21454	29144
21120	27182
23529	28038
21686	27536
23363	25607
25069	29503
24633	28114
22233	28563
22536	25809
24901	27178
22321	29442
23457	26328
21744	25914
25440	27055
22257	29058
21014	25572
24302	27366
24575	27795
25450	25898
23688	29462
22159	28190
22510	28814
23652	26037
23524	27505
24293	26307
24388	27174
23711	27371
25157	26514
25082	29723
21039	29866
23834	27107
22121	28477
21290	27772
22511	29367
21717	29952
23951	26179
23227	28592
22139	29242
21652	26866
24119	28222
24932	25973
24923	27544
25289	29897
22074	27018
21059	25776
22326	28352
23333	28214
23587	26360
21344	29719
21485	26804
25126	29423
24381	29814
21999	29968
23270	26351
22429	27892
21114	25822
25499	28235
23836	29008
24078	26572
25071	28519
23054	25624
24333	29004
23653	27501
21207	29781
23518	25781
22367	28959
23633	26579
21020	28847
21316	28000
24116	29657
23849	28742
25138	29668
21484	28231
24404	25905
22575	27381
24521	27470
23422	26962
21908	29990
23189	25647
22351	29572
24847	28720
24784	27765
23013	27754
23117	27471
24227	28118
24385	27545
21668	27184
24190	27578
21712	28764
24075	29871
21288	29226
22950	26727
23590	29265
23416	26451
24857	27235
21116	26234
22937	27343
23473	26690
23022	28324
24904	28655
21465	25851
24369	25732
23454	27423
25398	26949
21749	29874
23995	26311
23708	28907
25199	28882
24727	27148
23139	26916
22245	28681
21898	27998
22274	26625
21889	29623
21165	29323
25275	26946
25042	29070
21868	27576
21031	29345
25127	29797
24447	27706
22659	29118
23243	28048
23915	25629
23153	27597
21989	29147
21252	27973
22068	28846
23497	29649
22105	29829
21043	26283
22339	26185
24366	28389
24845	26286
21007	26087
23791	26347
22146	26093
23425	28849
22128	28268
22792	28290
23583	29021
25252	27022
21210	28136
24282	29406
25024	28782
23945	27417
24187	29834
21275	29109
25253	25725
23797	27673
23086	29922
25375	27848
23847	29911
24310	26149
24346	29411
22578	26519
22643	27844
23349	26233
23091	28845
21912	29240
23252	27251
22243	27664
24982	25879
24830	26249
24161	28854
21100	27205
22095	28210
21449	28572
24261	27415
23779	25553
22362	26406
22311	29399
22400	28353
21432	26373
21142	29083
21724	29426
21821	29567
23468	25906
21198	29276
21727	28982
21183	26163
23932	26150
25385	26527
22869	26637
21776	26481
22615	29241
23016	29758
21415	27367
24866	27880
23220	26266
23557	28653
23512	27168
23785	28442
23123	28451
22875	29767
22926	29110
25177	28175
22954	29736
21539	26310
23372	27789
22210	26551
21634	28820
25007	26536
22240	27150
23621	26474
24605	27764
21087	28295
21666	27638
23118	29283
21017	28456
23464	29330
21303	29887
22282	28285
23238	25701
22742	28006
21057	28495
21404	27623
24210	29116
24273	26022
25055	29172
21023	25975
23637	29028
25034	29251
23423	29401
21995	27325
24475	29234
21892	28740
23528	28009
23284	27517
23219	27656
24449	25941
21294	29161
23986	28628
21817	25985
21604	27897
25239	26116
24530	29413
22382	27079
24779	27250
21024	28168
24117	29831
21050	26000
24003	26274
21988	28972
24546	27649
23383	26021
24781	27458
24253	29847
21610	26466
21348	27838
25078	27469
21375	29359
22880	28494
21670	29387
21694	28152
24768	27414
22432	26452
21661	29313
23154	28754
24984	28900
25357	27153
22496	27185
25268	28612
21560	28007
21632	25913
24974	28885
25320	28824
23127	29057
24753	29069
22225	27396
21636	28527
22349	28100
25361	27034
24886	29520
21523	26045
22136	27086
21319	29554
24292	27698
22415	28985
23472	27921
24598	25702
24427	26024
22275	26120
21737	28377
23196	27347
25285	28066
21397	28244
25426	28128
23599	26785
23048	26043
21986	27640
23579	29123
25231	27048
22555	26834
22332	26440
24690	29337
24746	29410
21931	27876
25226	26157
24306	29011
22765	26632
22799	25617
24809	26688
22350	28447
24386	28252
21179	26243
21036	29022
22939	28046
22313	26661
24375	29369
24685	26280
24591	25649
21392	29803
22856	28921
22772	28380
24808	28700
24461	26552
22483	26479
21367	25543
21423	28536
23855	26473
25464	26505
21901	29710
22817	27412
21609	26806
23958	25571
21158	27464
24616	26702
24408	28043
21013	27016
23731	29619
25065	25525
24463	29305
23353	28583
23359	27282
24031	29495
23572	26517
23190	28610
25026	28084
24898	26204
21489	29273
22989	29891
22637	29523
24499	26296
23485	25983
25460	29663
24948	29973
21079	27310
24417	27598
24001	29269
24433	27658
21095	27335
21509	26101
21695	26268
24508	26784
23300	26651
23969	29606
21178	29826
22872	25612
24950	28076
25379	25595
22317	28662
23617	25566
21835	27910
21101	27746
21767	27672
21628	27753
23566	28019
24964	29180
24660	29327
24545	28703
23161	26776
25176	29822
25116	26526
25487	27741
24454	27273
21144	27824
23789	27117
22902	29596
24140	26170
22780	28266
22344	28786
22310	26390
24079	28365
21614	27188
22449	27890
25299	27857
23141	28335
22796	27618
21042	27477
25182	27408
21369	27277
24872	28707
22486	26859
22335	26676
21277	28027
22809	25818
21245	28660
21361	29402
24638	28342
24376	27703
21601	29066
21231	25865
22406	27933
25311	26050
24579	27980
24668	29209
24068	27643
21028	26489
25363	27013
25403	29751
21488	26176
23949	28903
21764	28375
25214	27667
25064	25893
21157	29421
21419	29934
22241	26433
25234	27627
25340	29012
23232	28230
25149	29798
22202	29233
22094	26966
22157	27060
24555	27449
24963	26071
23318	27852
21206	28402
21065	27160
25341	26963
21284	28810
24418	29142
21256	25560
24716	26254
21713	26902
25028	28359
24029	28499
24148	29059
23696	29553
22488	27775
23172	27561
25084	29136
24163	29441
25485	27038
24750	28415
24770	28355
23112	29179
24881	29010
21096	28633
22891	28466
21422	29653
21102	29690
25215	26928
24401	26650
23283	29035
22773	27046
24918	28926
25284	28517
22562	28765
21646	28898
23004	28785
21497	29610
21789	26403
21963	26236
22956	25532
24851	29909
22979	26952
21049	29517
23066	27513
21639	29334
23480	25929
22356	27039
25296	26480
23277	29332
23901	26860
24884	25682
23114	26014
25237	29046
25164	29882
23050	25655
23942	26118
22885	26782
23972	28374
25415	29247
23542	28203
21818	29196
24946	27052
21274	28502
25383	29386
22572	27009
21368	29025
23354	27130
21690	26647
24767	27539
22917	26845
23075	27473
21315	27556
25462	26692
25193	28271
22207	26394
22706	28262
21278	28204
23276	29222
25400	28909
25305	29685
22811	26774
24093	27557
22900	26878
23835	26668
24524	27524
22546	29936
24194	28755
22952	27975
21832	28543
21918	26428
24534	29740
22909	25749
22090	29350
23142	28289
22473	27953
25280	25779
24246	26152
22845	28332
25258	28130
23555	26166
21167	28595
21074	27457
23388	29912
23008	25960
25030	26981
22988	26958
25366	26336
21705	26904
21117	27526
22965	29122
25165	28187
22173	29080
24961	28083
23766	26735
24358	28600
24517	26476
21834	26082
25062	29817
22475	28678
22962	29590
24173	28817
21714	28896
25438	28623
23140	29436
23417	26520
21307	26995
23186	28576
21257	28364
21929	27253
24065	28313
24042	28385
24528	27152
25266	29224
21600	27946
23240	26098
24795	28729
22420	28546
23115	28747
21843	26736
23379	28040
23194	28478
21214	27074
21840	29093
21788	28434
23597	27978
23034	25931
22696	28412
21263	26475
24101	28195
21801	27695
22702	28061
22138	29655
21659	25593
24347	27490
21444	28020
24487	27196
23445	28238
21005	26374
21948	28092
24609	25990
25027	26633
25075	28725
22944	26385
22020	27925
24615	28521
23223	29741
21052	29930
21855	28307
21084	26080
22998	26442
23628	26180
21306	29607
23339	25878
23444	28158
25287	28331
22308	25804
22581	26075
24899	28436
24244	28645
24074	26815
24349	26255
23179	29271
23362	26453
23967	28182
23085	26355
21166	28676
24949	27437
24752	28948
23212	29699
23991	26009
24254	25556
24076	27660
24956	26172
22760	28674
23609	28649
24848	28812
25012	27595
25191	28337
21596	26258
23756	27958
24146	27984
22618	29632
24188	27641
22039	28848
24228	26226
21867	28724
24610	25986
24055	28188
22815	26422
22947	26800
23237	27986
24921	26679
23503	29200
23081	25767
21581	28726
24311	25998
24278	26568
22040	25866
22469	27210
23308	26059
24430	29099
24959	29415
21293	27616
24825	27419
24423	27266
25093	27459
22170	26858
23908	25949
23019	28101
22608	28082
21246	28619
24089	26430
25393	29576
21972	29921
22517	29095
23837	28178
23747	27668
23728	25651
21772	28390
23520	26477
24177	27633
22599	28363
23452	27654
22154	29587
21283	27106
24170	27915
22499	26926
22849	25545
23070	26160
21847	27908
21412	26733
25262	29361
22445	29983
23691	26621
24011	28719
24019	25977
23104	27553
23683	27217
23434	28943
24663	25581
24775	28068
22730	29613
25112	27036
25372	26294
22833	29537
23953	27057
21871	29994
21109	28923
25140	26083
25491	29566
24468	27896
22751	29600
23415	27558
22529	26675
21833	28579
22699	25551
23002	27491
24995	27626
22825	29071
24480	28730
25210	29277
21175	29267
23712	26558
21725	29670
24504	26604
22717	29175
24684	28833
22471	28964
24634	26759
22838	29465
24588	29448
24164	28026
21473	27264
22748	27713
25217	27171
23471	28991
24362	26550
21054	25936
22768	28905
24325	27742
21593	26206
23185	29639
24465	25889
24004	25833
22081	26681
24168	28383
21070	28698
22827	27090
21980	27321
22484	27047
23602	27213
25406	25812
24103	29468
22743	27344
21946	29007
22647	25562
25394	29547
23985	29312
22582	29471
22323	28270
23525	28115
21885	26672
23955	28344
25466	29061
21693	25598
23549	27289
22766	29614
21688	26627
22957	28858
21106	28427
22819	29915
23272	27177
22346	27804
21123	26512
22646	29419
22137	28937
24309	28932
21591	25836
25347	29340
23164	25676
22143	25846
23838	25736
22398	28737
22507	26762
21962	28606
24247	29260
24645	25515
21029	28116
22968	28934
22854	25656
25286	27043
22337	27394
23845	27256
24647	27879
21450	26580
21648	27944
22877	26593
23421	27821
23811	25613
24290	29693
22228	25932
22631	26067
21186	26533
23032	27873
21215	29824
22338	25554
22405	26703
24920	29827
23447	28540
23109	27197
23605	26066
22527	28752
24044	29384
23921	27268
24971	27779
25346	28125
23406	26334
24415	26335
21370	26825
23876	26094
22098	27635
24782	29585
21742	29303
21244	26114
25421	26992
21330	27163
24756	28350
22409	29662
24131	29414
23387	28294
21255	27237
23239	27384
22925	27759
25319	27021
24607	28302
23830	26678
21337	27127
22505	29998
22942	29801
23819	28875
25281	27467
22623	27875
24975	28780
21954	26910
24649	27071
23614	28491
22986	29993
23875	28608
23386	27723
22528	26945
21633	29263
23367	27126
23773	29455
24313	29768
24720	26061
24201	26687
24870	29679
24352	27728
21264	26895
24125	25989
23177	27537
23858	25790
24715	28668
22301	27362
23228	27007
22943	28278
24493	28902
21752	28767
23919	29937
21110	25788
23078	28446
22818	27331
24741	29914
22612	28874
21629	29979
22498	28273
23960	28796
22595	26117
24320	27425
24879	29155
24380	28888
23973	27542
22753	25813
25089	28881
22514	25791
25006	25864
22566	26891
24571	29476
25420	26252
24185	29034
24235	28475
22234	26301
22611	29851
24698	26947
24183	26445
22474	29354
24337	27569
23793	28312
22871	29917
23481	28605
23765	25757
22347	27099
25433	29202
22327	29708
24420	27098
24289	25706
21411	28999
24220	25666
23478	25673
23660	29404
21098	28033
22602	28525
24260	28225
22927	29331
22500	29173
21203	25511
23558	26638
23105	25691
24972	26698
22535	29430
24687	27391
22126	26791
21032	26554
21268	25835
24541	29320
24900	27922
23699	28339
21313	25937
22204	27901
24951	26369
25308	27295
21900	27927
24156	27846
21379	28548
24329	29850
22189	29256
21090	27642
24862	28052
23846	28974
25236	29981
25493	28417
24129	25622
22144	27951
22005	26228
23495	29842
23804	27912
22050	27678
22360	26817
24887	28953
21513	27242
22519	27691
24242	28022
24742	26725
22682	26272
22846	26951
23813	29540
24613	25710
24008	29644
24791	25510
24822	27568
24390	28963
23056	27867
21445	26462
21977	28034
24510	26443
21478	26441
21483	27238
25484	27904
21494	29687
22295	29088
25337	29498
21678	28699
22133	26912
22714	26107
22248	28831
23792	28463
22776	28381
21911	25799
24719	27193
22808	29642
22463	28915
22435	29162
25085	27716
21991	28031
23419	26026
24718	28709
23342	26039
24550	29772
22276	29849
23275	27893
23569	27480
22178	27994
21461	26537
23199	27692
23668	27615
23424	29431
23242	26225
22361	29214
22165	25565
24914	28063
24567	27515
21401	27749
21508	29906
22745	29459
25167	29551
22975	28037
21830	29287
22322	27968
24429	26186
25369	27628
24268	29948
24542	27202
24940	28941
21146	29368
23890	26809
23058	28323
23978	29019
23301	25895
22163	26561
22633	27433
24622	28770
25307	26219
24667	26881
25043	29684
22045	29594
21008	27529
23877	25523
23255	28577
22259	27829
25150	25924
24296	29486
23129	27648
21136	27724
24196	26835
22904	29194
24856	25685
22215	26783
24544	27966
24983	29084
24630	27871
25451	26133
23881	29143
22489	25999
23869	28410
24451	25601
22851	26302
24094	25738
22648	29168
21502	28513
22217	28899
23414	28945
23082	26559
23679	25507
21543	27334
23589	25505
21068	28538
22561	25644
24203	25501
24108	25578
24195	28454
22588	26096
24717	25594
21517	28336
22236	27257
24471	29167
23743	28367
21709	29756
23184	28516
25397	26203
22354	26614
25480	26870
21949	27254
24147	26810
25225	26162
21923	28587
21993	27784
23853	27385
23132	27049
21779	29197
23030	26643
21721	27292
23158	25552
22613	29955
24797	26602
23380	28248
24323	29394
21773	25658
21006	27917
25175	26378
22395	28590
22190	25934
21691	28146
22576	27661
22101	26482
24350	27409
23513	28687
23274	27069
24569	27549
23137	28044
24240	27797
24053	27737
23812	26030
24149	29820
21126	26729
21706	27221
24743	29589
21492	27926
22493	27035
23378	28465
22770	29562
24562	25860
24713	25787
23746	27527
23533	28683
24032	26127
21973	28162
22211	28356
23889	28733
22661	29009
23690	29338
22980	26940
23539	29904
21798	29996
22401	26364
21208	29559
21566	29971
25151	29055
23095	28886
22051	26671
21280	25686
23398	26455
25257	27486
24002	29268
25386	27802
22997	27336
21932	29186
24080	27300
25461	26321
24602	26993
24725	26002
24885	26664
22690	26337
24018	26874
24181	28309
23866	27853
21537	28640
22964	28518
22023	26058
25222	27125
22708	28696
21808	27145
22477	28479
24047	25604
21363	29377
25316	27847
23330	28159
23725	27928
22791	27884
22713	29643
21115	27560
23146	26404
21500	28173
23872	26848
21934	29188
21556	25855
21282	26235
23182	28564
23745	25716
24800	29725
23702	26534
25481	29494
21218	27937
25181	28490
21696	29033
21645	26984
22664	29702
23794	29286
24891	29220
25457	27963
23680	28883
23292	26398
23213	29178
22758	26553
24896	26217
24043	27786
21576	27442
24837	29047
25355	28095
25318	29250
21209	29991
24739	29893
21838	28401
23407	26769
25017	28537
24507	26803
25474	27298
21199	25819
23948	28547
23390	25753
21187	27601
21019	26761
24535	25897
24903	29546
25224	29518
22731	29422
25321	29400
21327	28746
22161	28255
23689	27053
21140	26929
21221	29479
25439	26613
25304	28860
23526	29688
24394	28282
21314	28815
23808	29910
21651	25815
23149	25527
21823	28802
23225	27097
21927	27078
23097	28853
24214	25641
25256	26192
23961	26141
23927	26322
22941	29729
23210	28209
23057	29802
23676	27316
22563	26979
25370	27311
23166	25632
23577	27372
21205	26025
25404	29036
25044	29280
22184	29158
23334	29079
25178	25735
23962	29650
25010	28561
21598	25709
22994	29863
24167	26938
23320	29752
23268	29138
22822	26656
22940	28609
23433	29916
24890	26036
21669	29984
21459	29869
24792	28906
23267	28731
24880	27750
24286	26836
25163	25811
23216	28535
21067	26747
25162	25892
22894	25817
23553	27360
25091	29324
24332	28912
22010	29956
21456	28144
21372	29819
22931	28728
22302	28533
24096	26353
23736	29456
21966	29583
22967	27981
22502	29722
21447	28229
21498	28057
24479	26113
24560	25831
25013	28931
23271	27805
22422	26232
22450	25917
23854	28109
22214	28288
22916	28571
21638	26880
23347	27181
21917	28567
24319	27587
23046	28711
22876	26399
24251	29574
21998	28510
23922	28647
24762	27351
22026	28362
22372	26719
24729	27087
21970	25926
23912	29444
21975	27769
21176	27247
24981	27948
22835	27596
22155	27190
25247	26327
24383	26434
24939	25638
22567	28391
24495	25810
21376	26387
22280	28186
22703	26927
21127	28947
22102	28347
23206	27441
23175	28917
22803	28393
23486	27960
22810	27105
21229	26256
25032	29836
23578	25784
23713	27624
21549	27727
24556	25807
24209	25637
21879	27215
24198	26136
21035	28050
22767	29193
24066	28648
24234	29838
24882	28257
25478	29393
24943	27683
23018	28059
23157	27120
25248	27842
23128	26833
24012	26332
23763	26501
25123	29634
23371	26125
22187	25955
24714	26372
21862	26126
21086	28914
25241	26231
24377	26446
25413	28689
21766	29065
22100	28293
23493	28736
22887	28327
25022	28153
22343	26577
24034	28251
24759	26298
24396	28198
22725	28165
25088	29841
24069	26855
23249	27701
22470	29531
22750	25806
25080	28984
23906	29544
24215	27349
23285	27313
22539	27487
25392	26677
21754	27430
22082	26751
23110	27886
21390	25726
23842	27546
22085	28299
23394	26557
22480	29231
21083	28429
24626	29810
25345	27954
22910	26259
24421	27815
21033	26942
22148	27291
21846	29811
21302	25827
23764	26595
22749	28798
24111	29598
21564	27860
22759	28859
24265	28894
24046	25546
23787	29438
24120	28851
23144	27195
23133	27448
24678	27175
24505	27262
21446	25669
22008	25557
22879	28045
24710	27059
24701	29806
23650	28192
25230	26140
23571	26628
21881	27594
21076	26896
23458	27051
24496	25623
21236	29764
23341	26820
25432	29515
25244	25513
24783	26923
22112	26811
21224	26612
23658	29747
23192	28584
21590	28406
23047	29898
21331	27799
24994	26012
24765	25660
22120	27172
24930	28487
21003	29724
23432	29859
24372	27707
23957	26766
22795	27031
23704	27540
23328	26389
21703	28191
24266	28077
23645	27134
25128	26830
21089	28625
24092	26182
25424	25696
23088	26415
23536	29938
21011	26144
21575	26137
21501	27173
25039	26777
25243	27065
23517	29638
21297	26240
25200	28297
21373	27265
22857	27431
21943	26362
23315	29342
22296	25526
22919	28157
23259	29064
23214	26691
24702	28871
21512	29298
25076	25834
22923	29416
22084	27580
25374	29605
24973	29629
24733	29026
25254	26740
21296	26988
22291	28520
22830	26340
25389	26273
24304	25590
25283	29778
23816	28893
21448	28227
24336	27485
21493	26471
24688	27974
23630	28705
21170	26797
23965	27017
22711	26684
21914	25747
24175	26238
21672	26712
24257	28946
24189	27413
22890	27809
23892	26329
23898	26749
24379	29062
24037	28771
25336	26458
22399	27283
22481	27851
23701	26019
22719	28388
24769	28424
22844	28091
24279	29672
22418	27382
24015	27895
23400	26261
22521	27798
22508	29137
21417	29579
21582	26423
21719	29637
23772	26485
23043	27259
22229	27964
21938	25668
22392	25679
21626	26903
21108	27373
25338	29491
22565	26156
22444	27686
24664	27675
22984	28155
23640	27206
22955	26246
24494	27850
21544	28644
23448	26590
21561	25877
25342	29913
22015	25801
22685	25980
23777	26251
24563	28018
24200	26281
24854	28856
21382	25763
24165	29957
23983	29469
23451	27207
21800	26636
24776	27831
23644	26996
21399	25635
24826	28531
23748	25538
22145	27571
24021	25974
22996	27781
25232	25575
22744	27508
21391	28051
24245	28825
21687	25761
25255	29796
21455	27699
21642	27209
23365	25886
24873	29358
22271	28444
25038	27941
22298	25883
24777	29530
24367	29060
23360	28672
24789	26341
25168	26287
22824	29198
25203	29134
21048	26846
25098	27359
21839	27400
22723	25661
21153	26223
22093	29067
22828	26642
22268	27240
23537	26275
21325	29304
21216	28978
25109	28938
22589	26010
24030	27700
21262	29407
22087	27760
24694	29445
21022	25723
22671	28137
23408	25910
22847	27076
21134	26222
23247	25542
23311	29858
23759	25731
23825	28237
25282	26408
24022	29804
23540	29385
24673	29244
21329	29029
22573	28759
23616	25882
24990	28838
22363	26937
24316	29664
21810	28777
21356	28868
24250	25621
22672	29015
22070	25832
24689	29199
25435	26315
24912	26853
23852	29383
24466	27671
24348	27939
21487	27147
25233	26626
24761	28473
24628	26905
24172	27438
23709	26509
25371	25694
22976	26323
23373	27299
23543	28558
25108	26097
23307	28145
23941	28603
24672	26943
22694	27934
25170	28030
25250	29923
23207	26721
23487	26889
21857	29633
22604	26701
23079	27081
23325	27358
25411	25789
23729	26819
21211	28259
24158	27947
24894	28407
21866	28004
24965	29169
21558	25689
22867	28604
22995	29127
23343	29030
23000	25681
23176	29105
23873	27976
24237	26821
21729	28722
21897	29261
22552	25704
25059	28346
25251	27186
23224	25579
22171	26130
24833	27456
23843	27646
23069	27731
23550	26386
24263	29207
24409	29213
21295	25739
25183	26001
22359	29732
24410	26936
25072	29077
25445	27353
21080	29246
25135	26599
25122	29409
24351	26400
24803	26146
21602	29506
21542	28172
24384	27393
23025	29651
25405	29580
21893	26393
24655	29965
24679	28805
24457	25993
22738	25954
23796	26686
22391	27977
24592	29659
22924	26755
25395	27983
21568	29397
24378	26539
21844	29308
24552	27869
21181	26099
24557	25918
23634	29274
23939	26745
23007	28201
23169	27669
22407	28620
21094	29704
22453	29293
21873	29855
24790	25996
24052	27399
23385	29201
22504	25766
23089	29853
22135	26195
25115	28120
21641	27985
21287	26598
23094	27689
22162	26700
23317	27885
23203	28591
23278	27460
24341	29954
24786	25816
22855	29852
22734	25750
24909	28169
24395	27770
22945	29024
21341	26395
24470	27982
21010	26153
23061	28023
23053	28863
25323	27429
25449	25563
21292	27169
25471	26494
22722	27466
22782	28334
25148	29617
25121	29474
21803	25786
23611	28011
23509	28277
22660	25737
22837	29485
24573	29646
21491	29090
24169	26436
23541	26069
22389	27103
21563	28150
24908	27702
25419	25896
21961	26278
24150	25727
23235	28047
25410	26832
23438	25920
23665	26073
21848	26906
21398	28207
23698	27836
23209	28215
21594	29379
23829	29131
22632	26850
25052	27514
21906	28250
24307	25648
21587	25583
22196	27162
22908	27463
22253	25700
25360	29727
23510	26264
21997	25797
24976	28721
22320	25628
25414	27104
22836	25548
23891	25500
21191	28929
23460	28075
23868	26042
21852	29857
21474	29119
22134	26957
22058	29328
22693	29652
21987	26167
24460	29538
22056	29569
21481	26922
21616	29514
24098	27992
21479	27756
23126	28616
22893	28598
22208	28232
22653	28064
21291	25522
24317	29477
24657	25699
22610	25619
22340	26191
21607	26657
24925	25675
24114	28319
23145	25535
23738	28855
23762	29935
21660	27715
23632	25939
24088	28242
23567	29977
23996	27970
23790	29112
21536	27942
24238	26998
22002	26596
23828	29490
22226	28924
23954	27260
24980	29691
23310	28080
21383	28256
22834	29868
23221	27166
21597	28179
21685	27882
23943	29970
25242	26589
24860	29245
23101	29943
24321	27590
24548	29292
25322	29839
24735	26053
25362	26794
21824	27543
25465	27465
23168	29048
22024	26900
22506	28977
22381	26574
24016	29560
24998	28459
21805	28360
23462	28432
21831	25842
24614	25837
25291	27721
22826	28756
24039	29790
24540	26200
22018	27128
21769	26402
24547	26108
21414	27440
25412	27547
22829	29888
21775	28021
23899	26541
21347	25903
23775	28056
21605	29085
23976	25544
21960	26419
21845	27269
24721	28142
24450	28450
24389	26486
23544	27987
25418	28234
22550	26879
21521	29848
25173	28990
25442	29306
24062	27518
24944	29813
23771	29612
22585	25659
21994	29496
21118	25618
21093	28392
23692	27532
21571	28685
23250	28438
22209	27497
23841	27179
24474	27854
24559	29307
25339	27229
21332	28573
23014	28503
21876	26064
24186	26513
24919	28274
25147	26209
21495	27621
21896	25911
22793	28844
21336	26840
23257	29565
21723	28139
23180	26324
25223	27614
21402	28586
22841	25728
22358	26918
23563	25902
24551	27883
24274	27245
24711	28058
24519	28483
23087	27420
23077	26382
25152	28837
22681	26696
24436	25967
21285	25599
25129	29734
23641	29395
22028	26581
24934	27503
22983	28399
23724	25664
21797	26790
22598	27670
24143	29832
22487	28816
21457	26044
23977	25722
22125	26257
22645	26868
21250	26543
23966	26857
21141	27275
22526	26818
23591	29500
22797	25785
24905	26004
23183	29828
22164	25754
23256	27058
22570	25671
22783	29480
24675	25770
21649	27828
24876	28708
23508	28956
21815	29833
25092	26969
25453	28085
24601	26873
21763	27319
24281	25519
21983	29875
23516	26269
23303	28784
23348	26683
22603	26849
24693	27840
25046	26326
22457	25948
24151	29755
21722	26319
21443	26764
22111	27612
23751	25771
24414	29248
24105	26919
21753	29174
23580	28174
22116	26523
23884	27717
25427	28895
21333	26531
22712	27711
23469	27923
24674	28695
22907	28053
23229	28395
22293	26842
24133	29529
25189	27991
22193	28488
21770	25534
25005	26892
25051	26564
23903	29843
22721	28404
22062	28245
21950	28951
23574	27935
24135	26685
23083	27833
22127	28265
23064	28243
25179	29927
21311	29628
21856	27979
23337	29371
22378	26350
21945	29627
25029	28124
22277	29603
23975	26338
22175	27902
23562	29675
22011	29564
24223	28965
25326	26737
21615	27288
22166	26732
24176	27278
25161	27747
23900	28240
23226	27564
21806	26105
23134	27332
21458	26924
24553	27599
22553	26032
21472	29757
25216	26915
21701	26796
25364	26368
23732	26914
22951	28439
22495	27793
22113	27136
21778	26457
23535	29592
24359	27955
23504	27435
24852	28236
24087	28029
25327	29821
24477	29016
22701	28228
22230	28821
21657	29805
25037	25922
21085	27905
21420	27027
21204	27294
25430	27342
23181	26547
24915	26241
24017	29536
22416	29157
22898	27918
25332	26154
21435	29365
22629	27523
23531	26401
22180	29349
21795	29792
22571	26018
21953	29360
22650	26502
24459	27434
21796	26411
23279	26333
24538	26567
23195	26738
22258	29773
24749	29259
22800	28484
21046	26508
21529	26392
21384	29721
25229	29812
21837	28960
24813	28183
23246	26314
21967	28151
23289	27096
23136	27652
23527	28199
23413	27263
21223	26875
21088	26304
23331	28455
24014	28081
21958	26008
21888	26100
21055	29073
21351	27198
24580	28349
22903	29262
22786	28556
24650	29701
23453	25758
24612	29677
23655	26349
21324	26616
24991	25963
23148	28950
23431	26461
24299	25890
22223	28014
23459	27751
24968	25935
22677	29238
23883	28196
24444	27674
22882	26530
22733	29424
24536	26597
22260	28557
22369	27308
23131	29694
22191	26823
21018	29219
23051	28829
24484	26290
21735	28506
23607	26663
23547	27704
22013	28650
21755	27888
24045	28296
23031	28715
23600	29717
25141	26065
21451	27507
23322	29784
24682	27244
21180	25943
21235	28679
24653	27582
22047	28618
24846	27758
24632	29924
21073	29958
24500	27032
23878	28828
21430	28944
22522	26734
25269	26463
22652	25970
22961	29023
23234	28254
21891	29800
23592	25645
25067	27451
22285	25984
25276	29086
24576	27482
23778	29889
24670	25502
23980	25680
21864	29270
21168	25570
21012	26898
24818	26788
21799	26147
23874	26178
25180	29189
23403	29115
22992	25568
22048	29731
23150	29117
22905	29499
21551	29656
25288	29743
23928	26199
22001	29346
21974	29458
24109	28629
22533	26188
25235	26600
24297	26771
23971	27506
22150	29075
25124	29894
22287	29232
23261	26976
21683	27091
22547	26994
21228	27606
25219	26935
22697	28994
23160	27694
21822	28281
24740	27219
23099	27369
21037	29807
22999	28774
21572	29519
22205	29218
22177	28594
23999	28717
22754	25981
25208	26728
22046	25514
21045	28461
22319	29309
24072	26758
25130	28865
24987	29278
25448	26365
22038	25614
21152	25550
25352	29152
23786	26570
24637	27006
23822	28632
24518	26630
24697	28799
22638	25695
22509	26292
23376	29091
24787	26772
23947	26662
24798	27428
25294	28017
25417	27164
23191	28140
23269	28701
22057	28224
21164	25821
23072	27938
21300	28827
24695	27600
23990	28219
24859	26229
24338	27492
24115	25965
25102	29159
23839	25724
24640	26318
21047	28099
23656	26786
23135	25600
22124	28354
23412	28119
24877	25802
24102	28032
25335	27785
25125	28656
23561	28305
22436	27241
23783	29794
25156	29765
22376	26894
24962	27971
22746	29170
22639	26055
21200	29718
24840	25907
21025	29052
25261	28104
22267	28641
24182	28304
22099	27914
23409	27483
23294	26029
24243	29962
23488	27619
23593	29978
23437	26432
23603	29417
24656	29389
24577	27774
22032	27488
24437	28834
23964	25512
24064	28549
21826	26775
25209	28398
24122	27936
22938	29899
22752	27102
23288	27961
23015	28682
24997	29488
21343	29148
22106	26780
21241	28801
23700	28568
23466	29249
25097	27662
22290	29467
23802	25755
22605	28226
23662	27297
24277	26047
25390	29257
22370	25888
22541	29870
22630	27306
22281	26666
21758	27732
21099	29549
24326	28213
22387	26618
25120	29534
22452	27519
24365	27859
23113	28552
24184	29949
25388	27740
24843	26680
21437	28194
25295	27959
22185	28176
25100	26779
21662	26063
24485	28089
21819	28269
22843	25733
23994	29759
25472	26448
22554	29236
21269	28738
21957	27810
22156	26484
21334	29703
24869	26571
22670	25626
21289	29774
24314	26491
23595	26483
23902	26110
25263	27161
23824	28500
21618	25690
24926	29195
23551	26193
23029	26345
22195	26707
23670	25561
21312	29995
23346	29056
22840	26339
24070	27156
22934	25650
21378	26245
23496	27730
22003	25712
